1	106.0	2.0
2	104.0	2.0
3	81.0	2.0
4	71.0	2.0
5	68.0	2.0
6	62.0	2.0
7	54.0	2.0
8	53.0	2.0
9	56.0	2.0
10	52.0	2.0
11	49.0	2.0
12	48.0	2.0
13	48.0	2.0
14	45.0	2.0
15	45.0	2.0
16	43.0	2.0
17	43.0	2.0
18	48.0	2.0
19	48.0	2.0
20	49.0	2.0
21	47.0	2.0
22	46.0	2.0
23	45.0	2.0
24	39.0	2.0
25	39.0	2.0
26	37.0	2.0
27	39.0	2.0
28	38.0	2.0
29	38.0	2.0
30	38.0	2.0
31	35.0	2.0
32	35.0	2.0
33	35.0	2.0
34	32.0	2.0
35	33.0	2.0
36	37.0	2.0
37	38.0	2.0
38	38.0	2.0
39	38.0	2.0
40	39.0	2.0
41	39.0	2.0
42	37.0	2.0
43	39.0	2.0
44	38.0	2.0
45	36.0	2.0
46	32.0	2.0
47	30.0	2.0
48	32.0	2.0
49	26.0	2.0
50	24.0	2.0
51	25.0	2.0
52	25.0	2.0
53	25.0	2.0
54	25.0	2.0
55	27.0	2.0
56	22.0	2.0
57	19.0	2.0
58	22.0	2.0
59	17.0	2.0
60	17.0	2.0
61	14.0	2.0
62	16.0	2.0
63	15.0	2.0
64	13.0	2.0
65	14.0	2.0
66	13.0	2.0
67	13.0	2.0
68	12.0	2.0
69	11.0	2.0
70	13.0	2.0
71	13.0	2.0
72	13.0	2.0
73	13.0	2.0
74	12.0	2.0
75	11.0	2.0
76	9.0	2.0
77	7.0	2.0
78	8.0	2.0
79	14.0	2.0
80	15.0	2.0
81	15.0	2.0
82	11.0	2.0
83	12.0	2.0
84	14.0	2.0
85	14.0	2.0
86	15.0	2.0
87	15.0	2.0
88	16.0	2.0
89	17.0	2.0
90	16.0	2.0
91	21.0	2.0
92	19.0	2.0
93	17.0	2.0
94	17.0	2.0
95	16.0	2.0
96	15.0	2.0
97	12.0	2.0
98	10.0	2.0
99	15.0	2.0
100	10.0	2.0
101	10.0	2.0
102	11.0	2.0
103	7.0	2.0
104	6.0	2.0
105	6.0	2.0
106	7.0	2.0
107	6.0	2.0
108	14.0	2.0
109	19.0	2.0
110	19.0	2.0
111	18.0	2.0
112	15.0	2.0
113	13.0	2.0
114	16.0	2.0
115	17.0	2.0
116	15.0	2.0
117	14.0	2.0
118	12.0	2.0
119	10.0	2.0
120	11.0	2.0
121	11.0	2.0
122	12.0	2.0
123	10.0	2.0
124	9.0	2.0
125	11.0	2.0
126	10.0	2.0
127	9.0	2.0
128	8.0	2.0
129	16.0	2.0
130	17.0	2.0
131	14.0	2.0
132	13.0	2.0
133	10.0	2.0
134	11.0	2.0
135	9.0	2.0
136	10.0	2.0
137	9.0	2.0
138	9.0	2.0
139	10.0	2.0
140	11.0	2.0
141	10.0	2.0
142	10.0	2.0
143	12.0	2.0
144	13.0	2.0
145	13.0	2.0
146	9.0	2.0
147	8.0	2.0
148	8.0	2.0
149	5.0	2.0
150	6.0	2.0
151	8.0	2.0
152	7.0	2.0
153	9.0	2.0
154	7.0	2.0
155	6.0	2.0
156	4.0	2.0
157	4.0	2.0
158	2.0	2.0
159	3.0	2.0
160	4.0	2.0
161	6.0	2.0
162	5.0	2.0
163	2.0	2.0
164	5.0	2.0
165	8.0	2.0
166	9.0	2.0
167	6.0	2.0
168	10.0	2.0
169	3.0	2.0
170	5.0	2.0
171	1.0	2.0
172	2.0	2.0
173	1.0	2.0
174	1.0	2.0
175	0.0	2.0
1	89.0	2.0
2	70.0	2.0
3	69.0	2.0
4	69.0	2.0
5	62.0	2.0
6	59.0	2.0
7	61.0	2.0
8	61.0	2.0
9	61.0	2.0
10	61.0	2.0
11	61.0	2.0
12	61.0	2.0
13	61.0	2.0
14	61.0	2.0
15	61.0	2.0
16	61.0	2.0
17	61.0	2.0
18	60.0	2.0
19	58.0	2.0
20	58.0	2.0
21	58.0	2.0
22	58.0	2.0
23	58.0	2.0
24	58.0	2.0
25	58.0	2.0
26	57.0	2.0
27	54.0	2.0
28	54.0	2.0
29	60.0	2.0
30	60.0	2.0
31	53.0	2.0
32	53.0	2.0
33	49.0	2.0
34	49.0	2.0
35	46.0	2.0
36	46.0	2.0
37	43.0	2.0
38	40.0	2.0
39	36.0	2.0
40	36.0	2.0
41	36.0	2.0
42	36.0	2.0
43	36.0	2.0
44	36.0	2.0
45	34.0	2.0
46	34.0	2.0
47	34.0	2.0
48	44.0	2.0
49	43.0	2.0
50	41.0	2.0
51	36.0	2.0
52	37.0	2.0
53	40.0	2.0
54	40.0	2.0
55	40.0	2.0
56	39.0	2.0
57	39.0	2.0
58	39.0	2.0
59	36.0	2.0
60	36.0	2.0
61	36.0	2.0
62	36.0	2.0
63	36.0	2.0
64	36.0	2.0
65	36.0	2.0
66	33.0	2.0
67	32.0	2.0
68	30.0	2.0
69	30.0	2.0
70	30.0	2.0
71	28.0	2.0
72	34.0	2.0
73	31.0	2.0
74	30.0	2.0
75	29.0	2.0
76	31.0	2.0
77	29.0	2.0
78	30.0	2.0
79	32.0	2.0
80	32.0	2.0
81	32.0	2.0
82	32.0	2.0
83	32.0	2.0
84	30.0	2.0
85	29.0	2.0
86	31.0	2.0
87	32.0	2.0
88	30.0	2.0
89	31.0	2.0
90	30.0	2.0
91	30.0	2.0
92	30.0	2.0
93	30.0	2.0
94	32.0	2.0
95	34.0	2.0
96	32.0	2.0
97	28.0	2.0
98	27.0	2.0
99	25.0	2.0
100	25.0	2.0
101	28.0	2.0
102	29.0	2.0
103	28.0	2.0
104	31.0	2.0
105	26.0	2.0
106	29.0	2.0
107	29.0	2.0
108	27.0	2.0
109	24.0	2.0
110	23.0	2.0
111	23.0	2.0
112	20.0	2.0
113	24.0	2.0
114	20.0	2.0
115	19.0	2.0
116	20.0	2.0
117	20.0	2.0
118	24.0	2.0
119	25.0	2.0
120	26.0	2.0
121	24.0	2.0
122	25.0	2.0
123	25.0	2.0
124	16.0	2.0
125	16.0	2.0
126	15.0	2.0
127	16.0	2.0
128	15.0	2.0
129	17.0	2.0
130	17.0	2.0
131	16.0	2.0
132	15.0	2.0
133	18.0	2.0
134	17.0	2.0
135	17.0	2.0
136	17.0	2.0
137	17.0	2.0
138	18.0	2.0
139	19.0	2.0
140	18.0	2.0
141	18.0	2.0
142	17.0	2.0
143	17.0	2.0
144	20.0	2.0
145	20.0	2.0
146	21.0	2.0
147	21.0	2.0
148	16.0	2.0
149	16.0	2.0
150	16.0	2.0
151	16.0	2.0
152	17.0	2.0
153	25.0	2.0
154	24.0	2.0
155	20.0	2.0
156	21.0	2.0
157	21.0	2.0
158	24.0	2.0
159	17.0	2.0
160	21.0	2.0
161	20.0	2.0
162	27.0	2.0
163	19.0	2.0
164	20.0	2.0
165	19.0	2.0
166	24.0	2.0
167	19.0	2.0
168	19.0	2.0
169	19.0	2.0
170	19.0	2.0
171	17.0	2.0
172	20.0	2.0
173	17.0	2.0
174	18.0	2.0
175	13.0	2.0
176	13.0	2.0
177	15.0	2.0
178	23.0	2.0
179	23.0	2.0
180	20.0	2.0
181	22.0	2.0
182	24.0	2.0
183	29.0	2.0
184	33.0	2.0
185	34.0	2.0
186	32.0	2.0
187	32.0	2.0
188	32.0	2.0
189	32.0	2.0
190	32.0	2.0
191	32.0	2.0
192	33.0	2.0
193	32.0	2.0
194	29.0	2.0
195	30.0	2.0
196	32.0	2.0
197	28.0	2.0
198	26.0	2.0
199	30.0	2.0
200	29.0	2.0
201	28.0	2.0
202	25.0	2.0
203	25.0	2.0
204	30.0	2.0
205	26.0	2.0
206	26.0	2.0
207	21.0	2.0
208	29.0	2.0
209	23.0	2.0
210	25.0	2.0
211	25.0	2.0
212	24.0	2.0
213	24.0	2.0
214	25.0	2.0
215	22.0	2.0
216	20.0	2.0
217	18.0	2.0
218	17.0	2.0
219	17.0	2.0
220	18.0	2.0
221	18.0	2.0
222	18.0	2.0
223	20.0	2.0
224	20.0	2.0
225	18.0	2.0
226	12.0	2.0
227	13.0	2.0
228	14.0	2.0
229	14.0	2.0
230	13.0	2.0
231	14.0	2.0
232	14.0	2.0
233	12.0	2.0
234	12.0	2.0
235	13.0	2.0
236	20.0	2.0
237	19.0	2.0
238	17.0	2.0
239	17.0	2.0
240	19.0	2.0
241	18.0	2.0
242	14.0	2.0
243	14.0	2.0
244	13.0	2.0
245	13.0	2.0
246	11.0	2.0
247	12.0	2.0
248	10.0	2.0
249	9.0	2.0
250	10.0	2.0
251	11.0	2.0
252	10.0	2.0
253	10.0	2.0
254	11.0	2.0
255	13.0	2.0
256	20.0	2.0
257	20.0	2.0
258	20.0	2.0
259	19.0	2.0
260	16.0	2.0
261	13.0	2.0
262	13.0	2.0
263	13.0	2.0
264	7.0	2.0
265	8.0	2.0
266	8.0	2.0
267	7.0	2.0
268	10.0	2.0
269	8.0	2.0
270	8.0	2.0
271	8.0	2.0
272	12.0	2.0
273	8.0	2.0
274	7.0	2.0
275	9.0	2.0
276	13.0	2.0
277	13.0	2.0
278	9.0	2.0
279	5.0	2.0
280	5.0	2.0
281	0.0	2.0
1	140.0	2.0
2	113.0	2.0
3	98.0	2.0
4	82.0	2.0
5	79.0	2.0
6	78.0	2.0
7	79.0	2.0
8	72.0	2.0
9	62.0	2.0
10	59.0	2.0
11	56.0	2.0
12	58.0	2.0
13	55.0	2.0
14	53.0	2.0
15	50.0	2.0
16	47.0	2.0
17	47.0	2.0
18	45.0	2.0
19	38.0	2.0
20	38.0	2.0
21	39.0	2.0
22	40.0	2.0
23	41.0	2.0
24	39.0	2.0
25	36.0	2.0
26	34.0	2.0
27	35.0	2.0
28	33.0	2.0
29	33.0	2.0
30	33.0	2.0
31	30.0	2.0
32	35.0	2.0
33	35.0	2.0
34	33.0	2.0
35	32.0	2.0
36	33.0	2.0
37	28.0	2.0
38	29.0	2.0
39	28.0	2.0
40	31.0	2.0
41	26.0	2.0
42	26.0	2.0
43	23.0	2.0
44	20.0	2.0
45	22.0	2.0
46	26.0	2.0
47	26.0	2.0
48	26.0	2.0
49	24.0	2.0
50	26.0	2.0
51	28.0	2.0
52	29.0	2.0
53	23.0	2.0
54	24.0	2.0
55	25.0	2.0
56	26.0	2.0
57	27.0	2.0
58	27.0	2.0
59	30.0	2.0
60	23.0	2.0
61	21.0	2.0
62	21.0	2.0
63	22.0	2.0
64	24.0	2.0
65	23.0	2.0
66	23.0	2.0
67	22.0	2.0
68	22.0	2.0
69	24.0	2.0
70	21.0	2.0
71	23.0	2.0
72	21.0	2.0
73	21.0	2.0
74	23.0	2.0
75	21.0	2.0
76	22.0	2.0
77	22.0	2.0
78	28.0	2.0
79	30.0	2.0
80	27.0	2.0
81	22.0	2.0
82	18.0	2.0
83	20.0	2.0
84	25.0	2.0
85	27.0	2.0
86	30.0	2.0
87	31.0	2.0
88	35.0	2.0
89	31.0	2.0
90	27.0	2.0
91	27.0	2.0
92	26.0	2.0
93	28.0	2.0
94	28.0	2.0
95	28.0	2.0
96	26.0	2.0
97	22.0	2.0
98	23.0	2.0
99	22.0	2.0
100	24.0	2.0
101	24.0	2.0
102	22.0	2.0
103	21.0	2.0
104	18.0	2.0
105	11.0	2.0
106	21.0	2.0
107	22.0	2.0
108	19.0	2.0
109	17.0	2.0
110	17.0	2.0
111	23.0	2.0
112	21.0	2.0
113	20.0	2.0
114	14.0	2.0
115	14.0	2.0
116	11.0	2.0
117	12.0	2.0
118	13.0	2.0
119	14.0	2.0
120	14.0	2.0
121	14.0	2.0
122	14.0	2.0
123	15.0	2.0
124	14.0	2.0
125	13.0	2.0
126	13.0	2.0
127	13.0	2.0
128	13.0	2.0
129	17.0	2.0
130	16.0	2.0
131	15.0	2.0
132	17.0	2.0
133	14.0	2.0
134	16.0	2.0
135	21.0	2.0
136	22.0	2.0
137	23.0	2.0
138	24.0	2.0
139	26.0	2.0
140	22.0	2.0
141	17.0	2.0
142	19.0	2.0
143	19.0	2.0
144	19.0	2.0
145	17.0	2.0
146	19.0	2.0
147	20.0	2.0
148	19.0	2.0
149	20.0	2.0
150	23.0	2.0
151	23.0	2.0
152	20.0	2.0
153	15.0	2.0
154	14.0	2.0
155	13.0	2.0
156	15.0	2.0
157	15.0	2.0
158	21.0	2.0
159	22.0	2.0
160	30.0	2.0
161	31.0	2.0
162	25.0	2.0
163	21.0	2.0
164	18.0	2.0
165	19.0	2.0
166	20.0	2.0
167	19.0	2.0
168	18.0	2.0
169	17.0	2.0
170	17.0	2.0
171	14.0	2.0
172	17.0	2.0
173	20.0	2.0
174	21.0	2.0
175	20.0	2.0
176	24.0	2.0
177	23.0	2.0
178	18.0	2.0
179	20.0	2.0
180	26.0	2.0
181	29.0	2.0
182	32.0	2.0
183	33.0	2.0
184	28.0	2.0
185	28.0	2.0
186	32.0	2.0
187	28.0	2.0
188	26.0	2.0
189	26.0	2.0
190	34.0	2.0
191	32.0	2.0
192	30.0	2.0
193	31.0	2.0
194	26.0	2.0
195	23.0	2.0
196	25.0	2.0
197	22.0	2.0
198	27.0	2.0
199	26.0	2.0
200	24.0	2.0
201	25.0	2.0
202	27.0	2.0
203	27.0	2.0
204	25.0	2.0
205	25.0	2.0
206	21.0	2.0
207	22.0	2.0
208	24.0	2.0
209	24.0	2.0
210	24.0	2.0
211	23.0	2.0
212	25.0	2.0
213	25.0	2.0
214	25.0	2.0
215	25.0	2.0
216	25.0	2.0
217	26.0	2.0
218	25.0	2.0
219	26.0	2.0
220	24.0	2.0
221	25.0	2.0
222	28.0	2.0
223	31.0	2.0
224	31.0	2.0
225	29.0	2.0
226	30.0	2.0
227	27.0	2.0
228	27.0	2.0
229	23.0	2.0
230	27.0	2.0
231	33.0	2.0
232	31.0	2.0
233	30.0	2.0
234	31.0	2.0
235	31.0	2.0
236	29.0	2.0
237	25.0	2.0
238	27.0	2.0
239	27.0	2.0
240	26.0	2.0
241	22.0	2.0
242	20.0	2.0
243	20.0	2.0
244	20.0	2.0
245	23.0	2.0
246	18.0	2.0
247	18.0	2.0
248	18.0	2.0
249	19.0	2.0
250	20.0	2.0
251	20.0	2.0
252	20.0	2.0
253	20.0	2.0
254	18.0	2.0
255	20.0	2.0
256	14.0	2.0
257	15.0	2.0
258	15.0	2.0
259	12.0	2.0
260	14.0	2.0
261	14.0	2.0
262	11.0	2.0
263	11.0	2.0
264	12.0	2.0
265	13.0	2.0
266	13.0	2.0
267	21.0	2.0
268	14.0	2.0
269	20.0	2.0
270	19.0	2.0
271	16.0	2.0
272	14.0	2.0
273	11.0	2.0
274	11.0	2.0
275	13.0	2.0
276	12.0	2.0
277	15.0	2.0
278	15.0	2.0
279	19.0	2.0
280	21.0	2.0
281	20.0	2.0
282	21.0	2.0
283	21.0	2.0
284	26.0	2.0
285	26.0	2.0
286	23.0	2.0
287	23.0	2.0
288	22.0	2.0
289	19.0	2.0
290	15.0	2.0
291	16.0	2.0
292	14.0	2.0
293	14.0	2.0
294	13.0	2.0
295	5.0	2.0
296	13.0	2.0
297	16.0	2.0
298	17.0	2.0
299	10.0	2.0
300	8.0	2.0
301	9.0	2.0
302	8.0	2.0
303	13.0	2.0
304	14.0	2.0
305	12.0	2.0
306	12.0	2.0
307	14.0	2.0
308	14.0	2.0
309	13.0	2.0
310	12.0	2.0
311	12.0	2.0
312	13.0	2.0
313	11.0	2.0
314	12.0	2.0
315	10.0	2.0
316	11.0	2.0
317	9.0	2.0
318	9.0	2.0
319	13.0	2.0
320	12.0	2.0
321	16.0	2.0
322	15.0	2.0
323	15.0	2.0
324	18.0	2.0
325	24.0	2.0
326	16.0	2.0
327	16.0	2.0
328	16.0	2.0
329	18.0	2.0
330	21.0	2.0
331	20.0	2.0
332	21.0	2.0
333	21.0	2.0
334	26.0	2.0
335	27.0	2.0
336	33.0	2.0
337	28.0	2.0
338	21.0	2.0
339	16.0	2.0
340	21.0	2.0
341	21.0	2.0
342	22.0	2.0
343	23.0	2.0
344	27.0	2.0
345	26.0	2.0
346	21.0	2.0
347	17.0	2.0
348	12.0	2.0
349	13.0	2.0
350	18.0	2.0
351	19.0	2.0
352	18.0	2.0
353	24.0	2.0
354	23.0	2.0
355	22.0	2.0
356	22.0	2.0
357	21.0	2.0
358	22.0	2.0
359	19.0	2.0
360	23.0	2.0
361	28.0	2.0
362	28.0	2.0
363	25.0	2.0
364	25.0	2.0
365	22.0	2.0
366	18.0	2.0
367	15.0	2.0
368	16.0	2.0
369	15.0	2.0
370	16.0	2.0
371	16.0	2.0
372	23.0	2.0
373	23.0	2.0
374	22.0	2.0
375	26.0	2.0
376	22.0	2.0
377	22.0	2.0
378	27.0	2.0
379	30.0	2.0
380	29.0	2.0
381	33.0	2.0
382	28.0	2.0
383	29.0	2.0
384	29.0	2.0
385	27.0	2.0
386	26.0	2.0
387	25.0	2.0
388	21.0	2.0
389	22.0	2.0
390	23.0	2.0
391	21.0	2.0
392	19.0	2.0
393	18.0	2.0
394	19.0	2.0
395	22.0	2.0
396	19.0	2.0
397	17.0	2.0
398	20.0	2.0
399	15.0	2.0
400	21.0	2.0
401	20.0	2.0
402	20.0	2.0
403	18.0	2.0
404	17.0	2.0
405	20.0	2.0
406	16.0	2.0
407	18.0	2.0
408	18.0	2.0
409	19.0	2.0
410	22.0	2.0
411	17.0	2.0
412	15.0	2.0
413	11.0	2.0
414	12.0	2.0
415	14.0	2.0
416	14.0	2.0
417	14.0	2.0
418	19.0	2.0
419	23.0	2.0
420	22.0	2.0
421	22.0	2.0
422	20.0	2.0
423	21.0	2.0
424	21.0	2.0
425	21.0	2.0
426	25.0	2.0
427	30.0	2.0
428	33.0	2.0
429	33.0	2.0
430	32.0	2.0
431	34.0	2.0
432	34.0	2.0
433	33.0	2.0
434	38.0	2.0
435	38.0	2.0
436	36.0	2.0
437	35.0	2.0
438	42.0	2.0
439	45.0	2.0
440	46.0	2.0
441	41.0	2.0
442	41.0	2.0
443	39.0	2.0
444	39.0	2.0
445	39.0	2.0
446	41.0	2.0
447	36.0	2.0
448	36.0	2.0
449	36.0	2.0
450	40.0	2.0
451	37.0	2.0
452	22.0	2.0
453	23.0	2.0
454	23.0	2.0
455	23.0	2.0
456	25.0	2.0
457	26.0	2.0
458	28.0	2.0
459	27.0	2.0
460	27.0	2.0
461	27.0	2.0
462	28.0	2.0
463	26.0	2.0
464	26.0	2.0
465	27.0	2.0
466	24.0	2.0
467	24.0	2.0
468	26.0	2.0
469	26.0	2.0
470	28.0	2.0
471	27.0	2.0
472	30.0	2.0
473	27.0	2.0
474	27.0	2.0
475	25.0	2.0
476	22.0	2.0
477	21.0	2.0
478	23.0	2.0
479	22.0	2.0
480	19.0	2.0
481	16.0	2.0
482	16.0	2.0
483	20.0	2.0
484	17.0	2.0
485	20.0	2.0
486	17.0	2.0
487	16.0	2.0
488	16.0	2.0
489	23.0	2.0
490	23.0	2.0
491	31.0	2.0
492	23.0	2.0
493	25.0	2.0
494	25.0	2.0
495	28.0	2.0
496	27.0	2.0
497	28.0	2.0
498	23.0	2.0
499	24.0	2.0
500	16.0	2.0
501	16.0	2.0
502	18.0	2.0
503	18.0	2.0
504	14.0	2.0
505	15.0	2.0
506	20.0	2.0
507	27.0	2.0
508	27.0	2.0
509	20.0	2.0
510	20.0	2.0
511	18.0	2.0
512	11.0	2.0
513	12.0	2.0
514	16.0	2.0
515	16.0	2.0
516	19.0	2.0
517	15.0	2.0
518	8.0	2.0
519	8.0	2.0
520	6.0	2.0
521	6.0	2.0
522	7.0	2.0
523	9.0	2.0
524	6.0	2.0
525	9.0	2.0
526	8.0	2.0
527	7.0	2.0
528	6.0	2.0
529	7.0	2.0
530	7.0	2.0
531	6.0	2.0
532	12.0	2.0
533	13.0	2.0
534	16.0	2.0
535	13.0	2.0
536	14.0	2.0
537	16.0	2.0
538	11.0	2.0
539	11.0	2.0
540	11.0	2.0
541	12.0	2.0
542	12.0	2.0
543	9.0	2.0
544	11.0	2.0
545	12.0	2.0
546	12.0	2.0
547	12.0	2.0
548	12.0	2.0
549	12.0	2.0
550	15.0	2.0
551	14.0	2.0
552	9.0	2.0
553	13.0	2.0
554	10.0	2.0
555	11.0	2.0
556	14.0	2.0
557	10.0	2.0
558	10.0	2.0
559	15.0	2.0
560	13.0	2.0
561	14.0	2.0
562	12.0	2.0
563	12.0	2.0
564	11.0	2.0
565	12.0	2.0
566	10.0	2.0
567	12.0	2.0
568	11.0	2.0
569	12.0	2.0
570	12.0	2.0
571	11.0	2.0
572	12.0	2.0
573	14.0	2.0
574	16.0	2.0
575	14.0	2.0
576	13.0	2.0
577	13.0	2.0
578	11.0	2.0
579	10.0	2.0
580	9.0	2.0
581	9.0	2.0
582	9.0	2.0
583	9.0	2.0
584	8.0	2.0
585	6.0	2.0
586	6.0	2.0
587	8.0	2.0
588	8.0	2.0
589	7.0	2.0
590	8.0	2.0
591	7.0	2.0
592	7.0	2.0
593	10.0	2.0
594	9.0	2.0
595	9.0	2.0
596	9.0	2.0
597	8.0	2.0
598	7.0	2.0
599	11.0	2.0
600	10.0	2.0
601	12.0	2.0
602	12.0	2.0
603	18.0	2.0
604	15.0	2.0
605	15.0	2.0
606	14.0	2.0
607	14.0	2.0
608	16.0	2.0
609	14.0	2.0
610	18.0	2.0
611	15.0	2.0
612	16.0	2.0
613	17.0	2.0
614	18.0	2.0
615	19.0	2.0
616	18.0	2.0
617	19.0	2.0
618	14.0	2.0
619	15.0	2.0
620	12.0	2.0
621	12.0	2.0
622	12.0	2.0
623	11.0	2.0
624	15.0	2.0
625	14.0	2.0
626	11.0	2.0
627	11.0	2.0
628	11.0	2.0
629	8.0	2.0
630	7.0	2.0
631	7.0	2.0
632	7.0	2.0
633	6.0	2.0
634	6.0	2.0
635	6.0	2.0
636	6.0	2.0
637	4.0	2.0
638	7.0	2.0
639	8.0	2.0
640	8.0	2.0
641	8.0	2.0
642	8.0	2.0
643	8.0	2.0
644	10.0	2.0
645	9.0	2.0
646	8.0	2.0
647	8.0	2.0
648	10.0	2.0
649	7.0	2.0
650	8.0	2.0
651	9.0	2.0
652	11.0	2.0
653	6.0	2.0
654	5.0	2.0
655	5.0	2.0
656	5.0	2.0
657	12.0	2.0
658	13.0	2.0
659	13.0	2.0
660	17.0	2.0
661	13.0	2.0
662	13.0	2.0
663	10.0	2.0
664	10.0	2.0
665	10.0	2.0
666	9.0	2.0
667	11.0	2.0
668	14.0	2.0
669	7.0	2.0
670	7.0	2.0
671	12.0	2.0
672	12.0	2.0
673	12.0	2.0
674	13.0	2.0
675	10.0	2.0
676	10.0	2.0
677	12.0	2.0
678	10.0	2.0
679	10.0	2.0
680	12.0	2.0
681	18.0	2.0
682	18.0	2.0
683	18.0	2.0
684	16.0	2.0
685	16.0	2.0
686	18.0	2.0
687	19.0	2.0
688	17.0	2.0
689	20.0	2.0
690	26.0	2.0
691	25.0	2.0
692	23.0	2.0
693	22.0	2.0
694	23.0	2.0
695	24.0	2.0
696	24.0	2.0
697	22.0	2.0
698	23.0	2.0
699	22.0	2.0
700	19.0	2.0
701	20.0	2.0
702	22.0	2.0
703	19.0	2.0
704	18.0	2.0
705	17.0	2.0
706	18.0	2.0
707	18.0	2.0
708	18.0	2.0
709	17.0	2.0
710	14.0	2.0
711	13.0	2.0
712	12.0	2.0
713	12.0	2.0
714	11.0	2.0
715	12.0	2.0
716	17.0	2.0
717	20.0	2.0
718	20.0	2.0
719	21.0	2.0
720	24.0	2.0
721	23.0	2.0
722	20.0	2.0
723	24.0	2.0
724	18.0	2.0
725	19.0	2.0
726	15.0	2.0
727	16.0	2.0
728	16.0	2.0
729	16.0	2.0
730	10.0	2.0
731	11.0	2.0
732	9.0	2.0
733	12.0	2.0
734	10.0	2.0
735	12.0	2.0
736	13.0	2.0
737	14.0	2.0
738	15.0	2.0
739	16.0	2.0
740	18.0	2.0
741	11.0	2.0
742	11.0	2.0
743	11.0	2.0
744	15.0	2.0
745	12.0	2.0
746	12.0	2.0
747	6.0	2.0
748	4.0	2.0
749	7.0	2.0
750	8.0	2.0
751	8.0	2.0
752	10.0	2.0
753	8.0	2.0
754	10.0	2.0
755	16.0	2.0
756	10.0	2.0
757	13.0	2.0
758	13.0	2.0
759	10.0	2.0
760	9.0	2.0
761	10.0	2.0
762	9.0	2.0
763	8.0	2.0
764	9.0	2.0
765	12.0	2.0
766	12.0	2.0
767	15.0	2.0
768	14.0	2.0
769	14.0	2.0
770	14.0	2.0
771	14.0	2.0
772	12.0	2.0
773	14.0	2.0
774	12.0	2.0
775	12.0	2.0
776	6.0	2.0
777	7.0	2.0
778	8.0	2.0
779	7.0	2.0
780	5.0	2.0
781	7.0	2.0
782	8.0	2.0
783	6.0	2.0
784	8.0	2.0
785	5.0	2.0
786	2.0	2.0
787	7.0	2.0
788	7.0	2.0
789	7.0	2.0
790	6.0	2.0
791	4.0	2.0
792	4.0	2.0
793	4.0	2.0
794	10.0	2.0
795	7.0	2.0
796	8.0	2.0
797	5.0	2.0
798	0.0	2.0
1	113.0	2.0
2	104.0	2.0
3	96.0	2.0
4	70.0	2.0
5	69.0	2.0
6	71.0	2.0
7	71.0	2.0
8	61.0	2.0
9	60.0	2.0
10	56.0	2.0
11	57.0	2.0
12	59.0	2.0
13	58.0	2.0
14	59.0	2.0
15	53.0	2.0
16	45.0	2.0
17	43.0	2.0
18	44.0	2.0
19	43.0	2.0
20	35.0	2.0
21	34.0	2.0
22	34.0	2.0
23	33.0	2.0
24	34.0	2.0
25	31.0	2.0
26	33.0	2.0
27	33.0	2.0
28	36.0	2.0
29	37.0	2.0
30	35.0	2.0
31	36.0	2.0
32	37.0	2.0
33	37.0	2.0
34	33.0	2.0
35	32.0	2.0
36	32.0	2.0
37	33.0	2.0
38	33.0	2.0
39	37.0	2.0
40	36.0	2.0
41	35.0	2.0
42	32.0	2.0
43	32.0	2.0
44	31.0	2.0
45	32.0	2.0
46	33.0	2.0
47	33.0	2.0
48	34.0	2.0
49	32.0	2.0
50	32.0	2.0
51	32.0	2.0
52	39.0	2.0
53	40.0	2.0
54	41.0	2.0
55	34.0	2.0
56	24.0	2.0
57	22.0	2.0
58	21.0	2.0
59	14.0	2.0
60	13.0	2.0
61	13.0	2.0
62	12.0	2.0
63	9.0	2.0
64	16.0	2.0
65	19.0	2.0
66	19.0	2.0
67	19.0	2.0
68	15.0	2.0
69	13.0	2.0
70	14.0	2.0
71	14.0	2.0
72	14.0	2.0
73	14.0	2.0
74	14.0	2.0
75	14.0	2.0
76	16.0	2.0
77	15.0	2.0
78	16.0	2.0
79	18.0	2.0
80	21.0	2.0
81	22.0	2.0
82	21.0	2.0
83	28.0	2.0
84	39.0	2.0
85	39.0	2.0
86	39.0	2.0
87	16.0	2.0
88	15.0	2.0
89	14.0	2.0
90	15.0	2.0
91	12.0	2.0
92	13.0	2.0
93	14.0	2.0
94	16.0	2.0
95	17.0	2.0
96	12.0	2.0
97	11.0	2.0
98	11.0	2.0
99	12.0	2.0
100	8.0	2.0
101	9.0	2.0
102	9.0	2.0
103	11.0	2.0
104	12.0	2.0
105	15.0	2.0
106	16.0	2.0
107	16.0	2.0
108	18.0	2.0
109	17.0	2.0
110	13.0	2.0
111	9.0	2.0
112	7.0	2.0
113	8.0	2.0
114	8.0	2.0
115	5.0	2.0
116	9.0	2.0
117	10.0	2.0
118	5.0	2.0
119	4.0	2.0
120	4.0	2.0
121	4.0	2.0
122	11.0	2.0
123	11.0	2.0
124	10.0	2.0
125	9.0	2.0
126	11.0	2.0
127	10.0	2.0
128	8.0	2.0
129	6.0	2.0
130	6.0	2.0
131	8.0	2.0
132	9.0	2.0
133	6.0	2.0
134	8.0	2.0
135	7.0	2.0
136	7.0	2.0
137	6.0	2.0
138	6.0	2.0
139	13.0	2.0
140	15.0	2.0
141	15.0	2.0
142	13.0	2.0
143	11.0	2.0
144	11.0	2.0
145	10.0	2.0
146	9.0	2.0
147	9.0	2.0
148	9.0	2.0
149	12.0	2.0
150	12.0	2.0
151	8.0	2.0
152	6.0	2.0
153	6.0	2.0
154	8.0	2.0
155	6.0	2.0
156	5.0	2.0
157	5.0	2.0
158	8.0	2.0
159	12.0	2.0
160	13.0	2.0
161	11.0	2.0
162	12.0	2.0
163	12.0	2.0
164	13.0	2.0
165	14.0	2.0
166	13.0	2.0
167	15.0	2.0
168	11.0	2.0
169	11.0	2.0
170	11.0	2.0
171	11.0	2.0
172	11.0	2.0
173	10.0	2.0
174	10.0	2.0
175	11.0	2.0
176	7.0	2.0
177	7.0	2.0
178	5.0	2.0
179	5.0	2.0
180	9.0	2.0
181	14.0	2.0
182	20.0	2.0
183	22.0	2.0
184	22.0	2.0
185	28.0	2.0
186	29.0	2.0
187	29.0	2.0
188	18.0	2.0
189	17.0	2.0
190	15.0	2.0
191	16.0	2.0
192	10.0	2.0
193	10.0	2.0
194	5.0	2.0
195	3.0	2.0
196	2.0	2.0
197	4.0	2.0
198	5.0	2.0
199	5.0	2.0
200	6.0	2.0
201	7.0	2.0
202	7.0	2.0
203	7.0	2.0
204	4.0	2.0
205	5.0	2.0
206	6.0	2.0
207	7.0	2.0
208	5.0	2.0
209	4.0	2.0
210	2.0	2.0
211	11.0	2.0
212	11.0	2.0
213	11.0	2.0
214	11.0	2.0
215	11.0	2.0
216	13.0	2.0
217	13.0	2.0
218	13.0	2.0
219	14.0	2.0
220	12.0	2.0
221	12.0	2.0
222	13.0	2.0
223	14.0	2.0
224	16.0	2.0
225	14.0	2.0
226	17.0	2.0
227	14.0	2.0
228	12.0	2.0
229	13.0	2.0
230	11.0	2.0
231	14.0	2.0
232	15.0	2.0
233	13.0	2.0
234	12.0	2.0
235	12.0	2.0
236	13.0	2.0
237	12.0	2.0
238	13.0	2.0
239	13.0	2.0
240	19.0	2.0
241	19.0	2.0
242	15.0	2.0
243	18.0	2.0
244	12.0	2.0
245	7.0	2.0
246	12.0	2.0
247	14.0	2.0
248	5.0	2.0
249	8.0	2.0
250	7.0	2.0
251	5.0	2.0
252	11.0	2.0
253	7.0	2.0
254	7.0	2.0
255	6.0	2.0
256	5.0	2.0
257	6.0	2.0
258	4.0	2.0
259	4.0	2.0
260	5.0	2.0
261	5.0	2.0
262	5.0	2.0
263	1.0	2.0
264	1.0	2.0
265	4.0	2.0
266	2.0	2.0
267	2.0	2.0
268	1.0	2.0
269	1.0	2.0
270	1.0	2.0
271	1.0	2.0
272	1.0	2.0
273	5.0	2.0
274	5.0	2.0
275	1.0	2.0
276	1.0	2.0
277	3.0	2.0
278	4.0	2.0
279	2.0	2.0
280	1.0	2.0
281	2.0	2.0
282	2.0	2.0
283	5.0	2.0
284	5.0	2.0
285	5.0	2.0
286	7.0	2.0
287	6.0	2.0
288	9.0	2.0
289	9.0	2.0
290	8.0	2.0
291	9.0	2.0
292	10.0	2.0
293	10.0	2.0
294	13.0	2.0
295	10.0	2.0
296	7.0	2.0
297	5.0	2.0
298	5.0	2.0
299	8.0	2.0
300	6.0	2.0
301	8.0	2.0
302	5.0	2.0
303	6.0	2.0
304	4.0	2.0
305	4.0	2.0
306	4.0	2.0
307	4.0	2.0
308	10.0	2.0
309	12.0	2.0
310	12.0	2.0
311	12.0	2.0
312	12.0	2.0
313	14.0	2.0
314	10.0	2.0
315	16.0	2.0
316	17.0	2.0
317	10.0	2.0
318	9.0	2.0
319	8.0	2.0
320	7.0	2.0
321	8.0	2.0
322	6.0	2.0
323	14.0	2.0
324	14.0	2.0
325	14.0	2.0
326	13.0	2.0
327	10.0	2.0
328	11.0	2.0
329	9.0	2.0
330	10.0	2.0
331	10.0	2.0
332	10.0	2.0
333	12.0	2.0
334	12.0	2.0
335	12.0	2.0
336	12.0	2.0
337	10.0	2.0
338	13.0	2.0
339	14.0	2.0
340	13.0	2.0
341	12.0	2.0
342	14.0	2.0
343	16.0	2.0
344	18.0	2.0
345	15.0	2.0
346	16.0	2.0
347	15.0	2.0
348	18.0	2.0
349	21.0	2.0
350	19.0	2.0
351	19.0	2.0
352	21.0	2.0
353	17.0	2.0
354	14.0	2.0
355	14.0	2.0
356	15.0	2.0
357	15.0	2.0
358	14.0	2.0
359	12.0	2.0
360	14.0	2.0
361	10.0	2.0
362	9.0	2.0
363	9.0	2.0
364	9.0	2.0
365	9.0	2.0
366	7.0	2.0
367	10.0	2.0
368	7.0	2.0
369	7.0	2.0
370	6.0	2.0
371	6.0	2.0
372	7.0	2.0
373	8.0	2.0
374	7.0	2.0
375	7.0	2.0
376	9.0	2.0
377	7.0	2.0
378	7.0	2.0
379	7.0	2.0
380	7.0	2.0
381	7.0	2.0
382	7.0	2.0
383	7.0	2.0
384	7.0	2.0
385	7.0	2.0
386	8.0	2.0
387	7.0	2.0
388	7.0	2.0
389	10.0	2.0
390	10.0	2.0
391	7.0	2.0
392	7.0	2.0
393	7.0	2.0
394	6.0	2.0
395	8.0	2.0
396	4.0	2.0
397	4.0	2.0
398	4.0	2.0
399	4.0	2.0
400	4.0	2.0
401	5.0	2.0
402	3.0	2.0
403	5.0	2.0
404	3.0	2.0
405	4.0	2.0
406	3.0	2.0
407	3.0	2.0
408	6.0	2.0
409	3.0	2.0
410	3.0	2.0
411	6.0	2.0
412	6.0	2.0
413	6.0	2.0
414	7.0	2.0
415	8.0	2.0
416	9.0	2.0
417	12.0	2.0
418	15.0	2.0
419	14.0	2.0
420	13.0	2.0
421	11.0	2.0
422	12.0	2.0
423	12.0	2.0
424	14.0	2.0
425	12.0	2.0
426	12.0	2.0
427	10.0	2.0
428	11.0	2.0
429	8.0	2.0
430	13.0	2.0
431	8.0	2.0
432	12.0	2.0
433	11.0	2.0
434	8.0	2.0
435	10.0	2.0
436	8.0	2.0
437	10.0	2.0
438	11.0	2.0
439	8.0	2.0
440	7.0	2.0
441	11.0	2.0
442	6.0	2.0
443	13.0	2.0
444	13.0	2.0
445	12.0	2.0
446	9.0	2.0
447	7.0	2.0
448	5.0	2.0
449	5.0	2.0
450	8.0	2.0
451	8.0	2.0
452	9.0	2.0
453	9.0	2.0
454	12.0	2.0
455	8.0	2.0
456	8.0	2.0
457	7.0	2.0
458	7.0	2.0
459	11.0	2.0
460	7.0	2.0
461	7.0	2.0
462	7.0	2.0
463	8.0	2.0
464	8.0	2.0
465	9.0	2.0
466	8.0	2.0
467	8.0	2.0
468	10.0	2.0
469	13.0	2.0
470	8.0	2.0
471	10.0	2.0
472	15.0	2.0
473	17.0	2.0
474	12.0	2.0
475	12.0	2.0
476	11.0	2.0
477	13.0	2.0
478	11.0	2.0
479	15.0	2.0
480	11.0	2.0
481	14.0	2.0
482	14.0	2.0
483	16.0	2.0
484	18.0	2.0
485	18.0	2.0
486	18.0	2.0
487	20.0	2.0
488	22.0	2.0
489	23.0	2.0
490	23.0	2.0
491	23.0	2.0
492	25.0	2.0
493	25.0	2.0
494	25.0	2.0
495	26.0	2.0
496	23.0	2.0
497	25.0	2.0
498	22.0	2.0
499	22.0	2.0
500	25.0	2.0
501	25.0	2.0
502	22.0	2.0
503	23.0	2.0
504	23.0	2.0
505	22.0	2.0
506	22.0	2.0
507	23.0	2.0
508	19.0	2.0
509	20.0	2.0
510	21.0	2.0
511	19.0	2.0
512	19.0	2.0
513	15.0	2.0
514	15.0	2.0
515	15.0	2.0
516	17.0	2.0
517	14.0	2.0
518	16.0	2.0
519	15.0	2.0
520	14.0	2.0
521	14.0	2.0
522	15.0	2.0
523	15.0	2.0
524	13.0	2.0
525	13.0	2.0
526	19.0	2.0
527	14.0	2.0
528	10.0	2.0
529	15.0	2.0
530	17.0	2.0
531	16.0	2.0
532	15.0	2.0
533	13.0	2.0
534	11.0	2.0
535	7.0	2.0
536	7.0	2.0
537	12.0	2.0
538	12.0	2.0
539	10.0	2.0
540	17.0	2.0
541	13.0	2.0
542	10.0	2.0
543	12.0	2.0
544	4.0	2.0
545	8.0	2.0
546	8.0	2.0
547	11.0	2.0
548	6.0	2.0
549	8.0	2.0
550	8.0	2.0
551	8.0	2.0
552	9.0	2.0
553	9.0	2.0
554	9.0	2.0
555	9.0	2.0
556	7.0	2.0
557	12.0	2.0
558	12.0	2.0
559	10.0	2.0
560	17.0	2.0
561	18.0	2.0
562	18.0	2.0
563	17.0	2.0
564	17.0	2.0
565	17.0	2.0
566	18.0	2.0
567	16.0	2.0
568	16.0	2.0
569	17.0	2.0
570	17.0	2.0
571	15.0	2.0
572	13.0	2.0
573	13.0	2.0
574	15.0	2.0
575	15.0	2.0
576	9.0	2.0
577	9.0	2.0
578	9.0	2.0
579	7.0	2.0
580	7.0	2.0
581	6.0	2.0
582	5.0	2.0
583	5.0	2.0
584	5.0	2.0
585	6.0	2.0
586	9.0	2.0
587	11.0	2.0
588	14.0	2.0
589	16.0	2.0
590	14.0	2.0
591	14.0	2.0
592	14.0	2.0
593	17.0	2.0
594	17.0	2.0
595	16.0	2.0
596	10.0	2.0
597	14.0	2.0
598	13.0	2.0
599	16.0	2.0
600	18.0	2.0
601	19.0	2.0
602	20.0	2.0
603	20.0	2.0
604	14.0	2.0
605	15.0	2.0
606	15.0	2.0
607	15.0	2.0
608	12.0	2.0
609	10.0	2.0
610	11.0	2.0
611	10.0	2.0
612	10.0	2.0
613	10.0	2.0
614	11.0	2.0
615	9.0	2.0
616	11.0	2.0
617	10.0	2.0
618	10.0	2.0
619	8.0	2.0
620	13.0	2.0
621	13.0	2.0
622	10.0	2.0
623	11.0	2.0
624	14.0	2.0
625	14.0	2.0
626	14.0	2.0
627	14.0	2.0
628	14.0	2.0
629	18.0	2.0
630	7.0	2.0
631	7.0	2.0
632	9.0	2.0
633	5.0	2.0
634	8.0	2.0
635	13.0	2.0
636	13.0	2.0
637	8.0	2.0
638	12.0	2.0
639	11.0	2.0
640	5.0	2.0
641	5.0	2.0
642	6.0	2.0
643	5.0	2.0
644	4.0	2.0
645	6.0	2.0
646	8.0	2.0
647	9.0	2.0
648	9.0	2.0
649	9.0	2.0
650	10.0	2.0
651	12.0	2.0
652	12.0	2.0
653	17.0	2.0
654	19.0	2.0
655	17.0	2.0
656	14.0	2.0
657	17.0	2.0
658	16.0	2.0
659	16.0	2.0
660	16.0	2.0
661	16.0	2.0
662	13.0	2.0
663	15.0	2.0
664	15.0	2.0
665	11.0	2.0
666	11.0	2.0
667	14.0	2.0
668	15.0	2.0
669	16.0	2.0
670	14.0	2.0
671	10.0	2.0
672	10.0	2.0
673	6.0	2.0
674	8.0	2.0
675	9.0	2.0
676	10.0	2.0
677	10.0	2.0
678	8.0	2.0
679	13.0	2.0
680	11.0	2.0
681	11.0	2.0
682	11.0	2.0
683	11.0	2.0
684	15.0	2.0
685	13.0	2.0
686	13.0	2.0
687	14.0	2.0
688	12.0	2.0
689	9.0	2.0
690	14.0	2.0
691	12.0	2.0
692	12.0	2.0
693	14.0	2.0
694	16.0	2.0
695	16.0	2.0
696	12.0	2.0
697	12.0	2.0
698	11.0	2.0
699	11.0	2.0
700	11.0	2.0
701	10.0	2.0
702	19.0	2.0
703	19.0	2.0
704	17.0	2.0
705	19.0	2.0
706	18.0	2.0
707	17.0	2.0
708	15.0	2.0
709	17.0	2.0
710	18.0	2.0
711	19.0	2.0
712	19.0	2.0
713	19.0	2.0
714	20.0	2.0
715	24.0	2.0
716	24.0	2.0
717	22.0	2.0
718	21.0	2.0
719	19.0	2.0
720	19.0	2.0
721	21.0	2.0
722	19.0	2.0
723	20.0	2.0
724	26.0	2.0
725	24.0	2.0
726	25.0	2.0
727	25.0	2.0
728	25.0	2.0
729	30.0	2.0
730	30.0	2.0
731	30.0	2.0
732	30.0	2.0
733	22.0	2.0
734	26.0	2.0
735	24.0	2.0
736	29.0	2.0
737	29.0	2.0
738	30.0	2.0
739	29.0	2.0
740	30.0	2.0
741	26.0	2.0
742	26.0	2.0
743	26.0	2.0
744	26.0	2.0
745	26.0	2.0
746	26.0	2.0
747	25.0	2.0
748	28.0	2.0
749	30.0	2.0
750	31.0	2.0
751	28.0	2.0
752	30.0	2.0
753	32.0	2.0
754	29.0	2.0
755	28.0	2.0
756	28.0	2.0
757	28.0	2.0
758	27.0	2.0
759	25.0	2.0
760	23.0	2.0
761	22.0	2.0
762	25.0	2.0
763	21.0	2.0
764	24.0	2.0
765	25.0	2.0
766	24.0	2.0
767	26.0	2.0
768	25.0	2.0
769	28.0	2.0
770	28.0	2.0
771	28.0	2.0
772	31.0	2.0
773	29.0	2.0
774	30.0	2.0
775	25.0	2.0
776	26.0	2.0
777	26.0	2.0
778	20.0	2.0
779	18.0	2.0
780	17.0	2.0
781	18.0	2.0
782	21.0	2.0
783	21.0	2.0
784	18.0	2.0
785	18.0	2.0
786	18.0	2.0
787	18.0	2.0
788	20.0	2.0
789	22.0	2.0
790	22.0	2.0
791	21.0	2.0
792	20.0	2.0
793	17.0	2.0
794	19.0	2.0
795	17.0	2.0
796	16.0	2.0
797	17.0	2.0
798	21.0	2.0
799	18.0	2.0
800	13.0	2.0
801	22.0	2.0
802	21.0	2.0
803	23.0	2.0
804	22.0	2.0
805	24.0	2.0
806	21.0	2.0
807	20.0	2.0
808	17.0	2.0
809	18.0	2.0
810	16.0	2.0
811	14.0	2.0
812	16.0	2.0
813	18.0	2.0
814	17.0	2.0
815	14.0	2.0
816	14.0	2.0
817	10.0	2.0
818	15.0	2.0
819	19.0	2.0
820	23.0	2.0
821	22.0	2.0
822	24.0	2.0
823	19.0	2.0
824	20.0	2.0
825	29.0	2.0
826	29.0	2.0
827	29.0	2.0
828	29.0	2.0
829	29.0	2.0
830	25.0	2.0
831	27.0	2.0
832	23.0	2.0
833	23.0	2.0
834	24.0	2.0
835	24.0	2.0
836	25.0	2.0
837	25.0	2.0
838	24.0	2.0
839	25.0	2.0
840	21.0	2.0
841	21.0	2.0
842	19.0	2.0
843	21.0	2.0
844	20.0	2.0
845	22.0	2.0
846	16.0	2.0
847	13.0	2.0
848	15.0	2.0
849	16.0	2.0
850	16.0	2.0
851	16.0	2.0
852	16.0	2.0
853	23.0	2.0
854	23.0	2.0
855	26.0	2.0
856	17.0	2.0
857	17.0	2.0
858	17.0	2.0
859	18.0	2.0
860	22.0	2.0
861	23.0	2.0
862	25.0	2.0
863	22.0	2.0
864	25.0	2.0
865	25.0	2.0
866	22.0	2.0
867	22.0	2.0
868	23.0	2.0
869	23.0	2.0
870	21.0	2.0
871	18.0	2.0
872	22.0	2.0
873	27.0	2.0
874	27.0	2.0
875	27.0	2.0
876	22.0	2.0
877	22.0	2.0
878	21.0	2.0
879	23.0	2.0
880	23.0	2.0
881	23.0	2.0
882	21.0	2.0
883	25.0	2.0
884	26.0	2.0
885	24.0	2.0
886	18.0	2.0
887	18.0	2.0
888	18.0	2.0
889	16.0	2.0
890	16.0	2.0
891	17.0	2.0
892	16.0	2.0
893	22.0	2.0
894	23.0	2.0
895	25.0	2.0
896	23.0	2.0
897	30.0	2.0
898	22.0	2.0
899	26.0	2.0
900	30.0	2.0
901	30.0	2.0
902	28.0	2.0
903	30.0	2.0
904	32.0	2.0
905	32.0	2.0
906	33.0	2.0
907	30.0	2.0
908	25.0	2.0
909	24.0	2.0
910	29.0	2.0
911	27.0	2.0
912	26.0	2.0
913	28.0	2.0
914	25.0	2.0
915	26.0	2.0
916	23.0	2.0
917	22.0	2.0
918	26.0	2.0
919	25.0	2.0
920	28.0	2.0
921	26.0	2.0
922	29.0	2.0
923	25.0	2.0
924	26.0	2.0
925	24.0	2.0
926	21.0	2.0
927	21.0	2.0
928	20.0	2.0
929	21.0	2.0
930	19.0	2.0
931	15.0	2.0
932	16.0	2.0
933	15.0	2.0
934	14.0	2.0
935	15.0	2.0
936	15.0	2.0
937	15.0	2.0
938	11.0	2.0
939	12.0	2.0
940	15.0	2.0
941	18.0	2.0
942	27.0	2.0
943	22.0	2.0
944	29.0	2.0
945	29.0	2.0
946	33.0	2.0
947	25.0	2.0
948	26.0	2.0
949	26.0	2.0
950	24.0	2.0
951	22.0	2.0
952	11.0	2.0
953	12.0	2.0
954	11.0	2.0
955	9.0	2.0
956	9.0	2.0
957	13.0	2.0
958	9.0	2.0
959	9.0	2.0
960	10.0	2.0
961	9.0	2.0
962	11.0	2.0
963	10.0	2.0
964	10.0	2.0
965	17.0	2.0
966	10.0	2.0
967	10.0	2.0
968	12.0	2.0
969	12.0	2.0
970	10.0	2.0
971	10.0	2.0
972	10.0	2.0
973	10.0	2.0
974	10.0	2.0
975	10.0	2.0
976	15.0	2.0
977	15.0	2.0
978	13.0	2.0
979	11.0	2.0
980	12.0	2.0
981	16.0	2.0
982	17.0	2.0
983	20.0	2.0
984	21.0	2.0
985	24.0	2.0
986	23.0	2.0
987	21.0	2.0
988	21.0	2.0
989	20.0	2.0
990	17.0	2.0
991	20.0	2.0
992	20.0	2.0
993	26.0	2.0
994	28.0	2.0
995	28.0	2.0
996	30.0	2.0
997	28.0	2.0
998	28.0	2.0
999	25.0	2.0
1000	33.0	2.0
1001	25.0	2.0
1002	21.0	2.0
1003	21.0	2.0
1004	20.0	2.0
1005	21.0	2.0
1006	20.0	2.0
1007	19.0	2.0
1008	21.0	2.0
1009	20.0	2.0
1010	18.0	2.0
1011	19.0	2.0
1012	18.0	2.0
1013	22.0	2.0
1014	23.0	2.0
1015	19.0	2.0
1016	20.0	2.0
1017	18.0	2.0
1018	17.0	2.0
1019	18.0	2.0
1020	16.0	2.0
1021	18.0	2.0
1022	22.0	2.0
1023	25.0	2.0
1024	25.0	2.0
1025	22.0	2.0
1026	23.0	2.0
1027	24.0	2.0
1028	23.0	2.0
1029	25.0	2.0
1030	24.0	2.0
1031	26.0	2.0
1032	28.0	2.0
1033	26.0	2.0
1034	23.0	2.0
1035	23.0	2.0
1036	23.0	2.0
1037	25.0	2.0
1038	27.0	2.0
1039	25.0	2.0
1040	20.0	2.0
1041	18.0	2.0
1042	16.0	2.0
1043	15.0	2.0
1044	15.0	2.0
1045	18.0	2.0
1046	17.0	2.0
1047	16.0	2.0
1048	17.0	2.0
1049	17.0	2.0
1050	16.0	2.0
1051	15.0	2.0
1052	17.0	2.0
1053	12.0	2.0
1054	11.0	2.0
1055	11.0	2.0
1056	13.0	2.0
1057	9.0	2.0
1058	11.0	2.0
1059	16.0	2.0
1060	15.0	2.0
1061	15.0	2.0
1062	12.0	2.0
1063	14.0	2.0
1064	18.0	2.0
1065	18.0	2.0
1066	20.0	2.0
1067	15.0	2.0
1068	16.0	2.0
1069	19.0	2.0
1070	21.0	2.0
1071	18.0	2.0
1072	16.0	2.0
1073	17.0	2.0
1074	16.0	2.0
1075	17.0	2.0
1076	12.0	2.0
1077	9.0	2.0
1078	10.0	2.0
1079	12.0	2.0
1080	14.0	2.0
1081	15.0	2.0
1082	14.0	2.0
1083	10.0	2.0
1084	9.0	2.0
1085	9.0	2.0
1086	11.0	2.0
1087	11.0	2.0
1088	13.0	2.0
1089	13.0	2.0
1090	13.0	2.0
1091	13.0	2.0
1092	9.0	2.0
1093	18.0	2.0
1094	14.0	2.0
1095	13.0	2.0
1096	15.0	2.0
1097	15.0	2.0
1098	13.0	2.0
1099	13.0	2.0
1100	14.0	2.0
1101	16.0	2.0
1102	12.0	2.0
1103	15.0	2.0
1104	15.0	2.0
1105	13.0	2.0
1106	15.0	2.0
1107	11.0	2.0
1108	10.0	2.0
1109	11.0	2.0
1110	12.0	2.0
1111	12.0	2.0
1112	11.0	2.0
1113	13.0	2.0
1114	14.0	2.0
1115	14.0	2.0
1116	13.0	2.0
1117	14.0	2.0
1118	14.0	2.0
1119	15.0	2.0
1120	16.0	2.0
1121	12.0	2.0
1122	15.0	2.0
1123	14.0	2.0
1124	14.0	2.0
1125	11.0	2.0
1126	9.0	2.0
1127	9.0	2.0
1128	9.0	2.0
1129	8.0	2.0
1130	8.0	2.0
1131	9.0	2.0
1132	9.0	2.0
1133	11.0	2.0
1134	11.0	2.0
1135	10.0	2.0
1136	12.0	2.0
1137	10.0	2.0
1138	7.0	2.0
1139	8.0	2.0
1140	11.0	2.0
1141	10.0	2.0
1142	8.0	2.0
1143	11.0	2.0
1144	6.0	2.0
1145	7.0	2.0
1146	7.0	2.0
1147	7.0	2.0
1148	7.0	2.0
1149	10.0	2.0
1150	6.0	2.0
1151	6.0	2.0
1152	6.0	2.0
1153	7.0	2.0
1154	9.0	2.0
1155	10.0	2.0
1156	10.0	2.0
1157	10.0	2.0
1158	16.0	2.0
1159	13.0	2.0
1160	16.0	2.0
1161	15.0	2.0
1162	17.0	2.0
1163	15.0	2.0
1164	15.0	2.0
1165	15.0	2.0
1166	15.0	2.0
1167	15.0	2.0
1168	17.0	2.0
1169	18.0	2.0
1170	18.0	2.0
1171	17.0	2.0
1172	18.0	2.0
1173	13.0	2.0
1174	13.0	2.0
1175	15.0	2.0
1176	13.0	2.0
1177	14.0	2.0
1178	14.0	2.0
1179	14.0	2.0
1180	11.0	2.0
1181	14.0	2.0
1182	12.0	2.0
1183	15.0	2.0
1184	15.0	2.0
1185	13.0	2.0
1186	12.0	2.0
1187	14.0	2.0
1188	14.0	2.0
1189	15.0	2.0
1190	16.0	2.0
1191	20.0	2.0
1192	19.0	2.0
1193	17.0	2.0
1194	15.0	2.0
1195	16.0	2.0
1196	17.0	2.0
1197	18.0	2.0
1198	17.0	2.0
1199	18.0	2.0
1200	18.0	2.0
1201	16.0	2.0
1202	19.0	2.0
1203	19.0	2.0
1204	20.0	2.0
1205	20.0	2.0
1206	20.0	2.0
1207	20.0	2.0
1208	20.0	2.0
1209	20.0	2.0
1210	21.0	2.0
1211	22.0	2.0
1212	27.0	2.0
1213	22.0	2.0
1214	20.0	2.0
1215	20.0	2.0
1216	20.0	2.0
1217	21.0	2.0
1218	20.0	2.0
1219	21.0	2.0
1220	23.0	2.0
1221	25.0	2.0
1222	20.0	2.0
1223	19.0	2.0
1224	16.0	2.0
1225	16.0	2.0
1226	16.0	2.0
1227	17.0	2.0
1228	16.0	2.0
1229	15.0	2.0
1230	15.0	2.0
1231	15.0	2.0
1232	15.0	2.0
1233	15.0	2.0
1234	15.0	2.0
1235	14.0	2.0
1236	15.0	2.0
1237	16.0	2.0
1238	15.0	2.0
1239	14.0	2.0
1240	15.0	2.0
1241	16.0	2.0
1242	19.0	2.0
1243	19.0	2.0
1244	22.0	2.0
1245	26.0	2.0
1246	26.0	2.0
1247	28.0	2.0
1248	28.0	2.0
1249	31.0	2.0
1250	32.0	2.0
1251	31.0	2.0
1252	31.0	2.0
1253	32.0	2.0
1254	34.0	2.0
1255	30.0	2.0
1256	29.0	2.0
1257	28.0	2.0
1258	24.0	2.0
1259	24.0	2.0
1260	24.0	2.0
1261	29.0	2.0
1262	26.0	2.0
1263	26.0	2.0
1264	26.0	2.0
1265	23.0	2.0
1266	23.0	2.0
1267	22.0	2.0
1268	22.0	2.0
1269	24.0	2.0
1270	18.0	2.0
1271	17.0	2.0
1272	21.0	2.0
1273	22.0	2.0
1274	23.0	2.0
1275	19.0	2.0
1276	17.0	2.0
1277	16.0	2.0
1278	15.0	2.0
1279	12.0	2.0
1280	12.0	2.0
1281	14.0	2.0
1282	18.0	2.0
1283	16.0	2.0
1284	16.0	2.0
1285	21.0	2.0
1286	25.0	2.0
1287	22.0	2.0
1288	18.0	2.0
1289	19.0	2.0
1290	20.0	2.0
1291	17.0	2.0
1292	16.0	2.0
1293	18.0	2.0
1294	13.0	2.0
1295	10.0	2.0
1296	12.0	2.0
1297	9.0	2.0
1298	12.0	2.0
1299	12.0	2.0
1300	15.0	2.0
1301	15.0	2.0
1302	15.0	2.0
1303	18.0	2.0
1304	22.0	2.0
1305	26.0	2.0
1306	26.0	2.0
1307	19.0	2.0
1308	21.0	2.0
1309	15.0	2.0
1310	11.0	2.0
1311	12.0	2.0
1312	11.0	2.0
1313	13.0	2.0
1314	11.0	2.0
1315	9.0	2.0
1316	6.0	2.0
1317	5.0	2.0
1318	8.0	2.0
1319	9.0	2.0
1320	8.0	2.0
1321	8.0	2.0
1322	8.0	2.0
1323	8.0	2.0
1324	4.0	2.0
1325	8.0	2.0
1326	6.0	2.0
1327	5.0	2.0
1328	5.0	2.0
1329	7.0	2.0
1330	5.0	2.0
1331	6.0	2.0
1332	7.0	2.0
1333	3.0	2.0
1334	3.0	2.0
1335	9.0	2.0
1336	2.0	2.0
1337	7.0	2.0
1338	7.0	2.0
1339	7.0	2.0
1340	7.0	2.0
1341	12.0	2.0
1342	19.0	2.0
1343	14.0	2.0
1344	7.0	2.0
1345	6.0	2.0
1346	5.0	2.0
1347	5.0	2.0
1348	8.0	2.0
1349	9.0	2.0
1350	11.0	2.0
1351	6.0	2.0
1352	6.0	2.0
1353	7.0	2.0
1354	7.0	2.0
1355	15.0	2.0
1356	13.0	2.0
1357	11.0	2.0
1358	13.0	2.0
1359	11.0	2.0
1360	3.0	2.0
1361	0.0	2.0
1	92.0	2.0
2	92.0	2.0
3	91.0	2.0
4	75.0	2.0
5	68.0	2.0
6	67.0	2.0
7	66.0	2.0
8	66.0	2.0
9	68.0	2.0
10	68.0	2.0
11	65.0	2.0
12	58.0	2.0
13	52.0	2.0
14	44.0	2.0
15	30.0	2.0
16	30.0	2.0
17	32.0	2.0
18	33.0	2.0
19	33.0	2.0
20	31.0	2.0
21	33.0	2.0
22	27.0	2.0
23	27.0	2.0
24	26.0	2.0
25	26.0	2.0
26	26.0	2.0
27	32.0	2.0
28	31.0	2.0
29	31.0	2.0
30	31.0	2.0
31	33.0	2.0
32	32.0	2.0
33	28.0	2.0
34	29.0	2.0
35	28.0	2.0
36	29.0	2.0
37	31.0	2.0
38	31.0	2.0
39	31.0	2.0
40	33.0	2.0
41	31.0	2.0
42	31.0	2.0
43	32.0	2.0
44	35.0	2.0
45	35.0	2.0
46	33.0	2.0
47	33.0	2.0
48	30.0	2.0
49	34.0	2.0
50	35.0	2.0
51	38.0	2.0
52	34.0	2.0
53	30.0	2.0
54	30.0	2.0
55	35.0	2.0
56	34.0	2.0
57	34.0	2.0
58	35.0	2.0
59	41.0	2.0
60	42.0	2.0
61	44.0	2.0
62	37.0	2.0
63	36.0	2.0
64	40.0	2.0
65	39.0	2.0
66	36.0	2.0
67	35.0	2.0
68	30.0	2.0
69	28.0	2.0
70	32.0	2.0
71	34.0	2.0
72	33.0	2.0
73	35.0	2.0
74	36.0	2.0
75	29.0	2.0
76	31.0	2.0
77	30.0	2.0
78	30.0	2.0
79	33.0	2.0
80	30.0	2.0
81	31.0	2.0
82	32.0	2.0
83	33.0	2.0
84	32.0	2.0
85	36.0	2.0
86	36.0	2.0
87	35.0	2.0
88	35.0	2.0
89	30.0	2.0
90	30.0	2.0
91	29.0	2.0
92	30.0	2.0
93	29.0	2.0
94	25.0	2.0
95	25.0	2.0
96	26.0	2.0
97	27.0	2.0
98	27.0	2.0
99	26.0	2.0
100	25.0	2.0
101	24.0	2.0
102	31.0	2.0
103	22.0	2.0
104	9.0	2.0
105	10.0	2.0
106	9.0	2.0
107	12.0	2.0
108	7.0	2.0
109	7.0	2.0
110	7.0	2.0
111	8.0	2.0
112	8.0	2.0
113	7.0	2.0
114	8.0	2.0
115	12.0	2.0
116	13.0	2.0
117	15.0	2.0
118	8.0	2.0
119	12.0	2.0
120	13.0	2.0
121	13.0	2.0
122	13.0	2.0
123	15.0	2.0
124	9.0	2.0
125	9.0	2.0
126	9.0	2.0
127	7.0	2.0
128	8.0	2.0
129	11.0	2.0
130	10.0	2.0
131	10.0	2.0
132	10.0	2.0
133	10.0	2.0
134	10.0	2.0
135	10.0	2.0
136	11.0	2.0
137	10.0	2.0
138	11.0	2.0
139	12.0	2.0
140	12.0	2.0
141	20.0	2.0
142	13.0	2.0
143	13.0	2.0
144	13.0	2.0
145	19.0	2.0
146	26.0	2.0
147	27.0	2.0
148	28.0	2.0
149	28.0	2.0
150	24.0	2.0
151	25.0	2.0
152	23.0	2.0
153	23.0	2.0
154	22.0	2.0
155	23.0	2.0
156	23.0	2.0
157	20.0	2.0
158	21.0	2.0
159	23.0	2.0
160	24.0	2.0
161	25.0	2.0
162	28.0	2.0
163	28.0	2.0
164	28.0	2.0
165	18.0	2.0
166	20.0	2.0
167	18.0	2.0
168	15.0	2.0
169	16.0	2.0
170	14.0	2.0
171	11.0	2.0
172	14.0	2.0
173	16.0	2.0
174	15.0	2.0
175	16.0	2.0
176	11.0	2.0
177	12.0	2.0
178	8.0	2.0
179	20.0	2.0
180	20.0	2.0
181	14.0	2.0
182	19.0	2.0
183	24.0	2.0
184	22.0	2.0
185	24.0	2.0
186	19.0	2.0
187	19.0	2.0
188	14.0	2.0
189	17.0	2.0
190	19.0	2.0
191	15.0	2.0
192	15.0	2.0
193	15.0	2.0
194	15.0	2.0
195	12.0	2.0
196	13.0	2.0
197	12.0	2.0
198	16.0	2.0
199	16.0	2.0
200	16.0	2.0
201	17.0	2.0
202	13.0	2.0
203	12.0	2.0
204	9.0	2.0
205	9.0	2.0
206	9.0	2.0
207	8.0	2.0
208	8.0	2.0
209	9.0	2.0
210	9.0	2.0
211	9.0	2.0
212	8.0	2.0
213	12.0	2.0
214	8.0	2.0
215	7.0	2.0
216	10.0	2.0
217	7.0	2.0
218	5.0	2.0
219	6.0	2.0
220	6.0	2.0
221	6.0	2.0
222	9.0	2.0
223	10.0	2.0
224	10.0	2.0
225	12.0	2.0
226	11.0	2.0
227	12.0	2.0
228	12.0	2.0
229	15.0	2.0
230	17.0	2.0
231	17.0	2.0
232	15.0	2.0
233	13.0	2.0
234	11.0	2.0
235	13.0	2.0
236	15.0	2.0
237	15.0	2.0
238	7.0	2.0
239	9.0	2.0
240	8.0	2.0
241	11.0	2.0
242	15.0	2.0
243	16.0	2.0
244	16.0	2.0
245	17.0	2.0
246	19.0	2.0
247	11.0	2.0
248	11.0	2.0
249	11.0	2.0
250	10.0	2.0
251	10.0	2.0
252	12.0	2.0
253	10.0	2.0
254	9.0	2.0
255	11.0	2.0
256	13.0	2.0
257	8.0	2.0
258	8.0	2.0
259	6.0	2.0
260	7.0	2.0
261	12.0	2.0
262	13.0	2.0
263	12.0	2.0
264	11.0	2.0
265	12.0	2.0
266	8.0	2.0
267	12.0	2.0
268	10.0	2.0
269	8.0	2.0
270	8.0	2.0
271	11.0	2.0
272	9.0	2.0
273	9.0	2.0
274	10.0	2.0
275	13.0	2.0
276	8.0	2.0
277	9.0	2.0
278	14.0	2.0
279	10.0	2.0
280	10.0	2.0
281	8.0	2.0
282	6.0	2.0
283	11.0	2.0
284	13.0	2.0
285	11.0	2.0
286	11.0	2.0
287	8.0	2.0
288	8.0	2.0
289	9.0	2.0
290	3.0	2.0
291	0.0	2.0
1	120.0	2.0
2	117.0	2.0
3	93.0	2.0
4	77.0	2.0
5	77.0	2.0
6	76.0	2.0
7	76.0	2.0
8	65.0	2.0
9	65.0	2.0
10	65.0	2.0
11	56.0	2.0
12	56.0	2.0
13	53.0	2.0
14	52.0	2.0
15	51.0	2.0
16	49.0	2.0
17	49.0	2.0
18	52.0	2.0
19	45.0	2.0
20	45.0	2.0
21	46.0	2.0
22	45.0	2.0
23	42.0	2.0
24	37.0	2.0
25	36.0	2.0
26	35.0	2.0
27	39.0	2.0
28	38.0	2.0
29	38.0	2.0
30	36.0	2.0
31	37.0	2.0
32	36.0	2.0
33	38.0	2.0
34	36.0	2.0
35	36.0	2.0
36	35.0	2.0
37	37.0	2.0
38	36.0	2.0
39	36.0	2.0
40	34.0	2.0
41	34.0	2.0
42	37.0	2.0
43	36.0	2.0
44	36.0	2.0
45	35.0	2.0
46	34.0	2.0
47	29.0	2.0
48	28.0	2.0
49	29.0	2.0
50	29.0	2.0
51	29.0	2.0
52	28.0	2.0
53	30.0	2.0
54	29.0	2.0
55	29.0	2.0
56	33.0	2.0
57	35.0	2.0
58	35.0	2.0
59	35.0	2.0
60	35.0	2.0
61	35.0	2.0
62	30.0	2.0
63	31.0	2.0
64	31.0	2.0
65	32.0	2.0
66	32.0	2.0
67	30.0	2.0
68	27.0	2.0
69	27.0	2.0
70	28.0	2.0
71	33.0	2.0
72	33.0	2.0
73	36.0	2.0
74	25.0	2.0
75	27.0	2.0
76	27.0	2.0
77	26.0	2.0
78	25.0	2.0
79	23.0	2.0
80	24.0	2.0
81	26.0	2.0
82	31.0	2.0
83	29.0	2.0
84	29.0	2.0
85	29.0	2.0
86	29.0	2.0
87	29.0	2.0
88	29.0	2.0
89	30.0	2.0
90	30.0	2.0
91	26.0	2.0
92	27.0	2.0
93	26.0	2.0
94	25.0	2.0
95	31.0	2.0
96	31.0	2.0
97	29.0	2.0
98	29.0	2.0
99	30.0	2.0
100	29.0	2.0
101	28.0	2.0
102	28.0	2.0
103	27.0	2.0
104	27.0	2.0
105	27.0	2.0
106	26.0	2.0
107	25.0	2.0
108	29.0	2.0
109	28.0	2.0
110	29.0	2.0
111	35.0	2.0
112	39.0	2.0
113	38.0	2.0
114	37.0	2.0
115	36.0	2.0
116	36.0	2.0
117	31.0	2.0
118	27.0	2.0
119	27.0	2.0
120	27.0	2.0
121	27.0	2.0
122	25.0	2.0
123	25.0	2.0
124	25.0	2.0
125	25.0	2.0
126	26.0	2.0
127	26.0	2.0
128	25.0	2.0
129	27.0	2.0
130	25.0	2.0
131	25.0	2.0
132	25.0	2.0
133	27.0	2.0
134	25.0	2.0
135	25.0	2.0
136	26.0	2.0
137	27.0	2.0
138	27.0	2.0
139	23.0	2.0
140	23.0	2.0
141	28.0	2.0
142	26.0	2.0
143	26.0	2.0
144	24.0	2.0
145	24.0	2.0
146	28.0	2.0
147	25.0	2.0
148	26.0	2.0
149	25.0	2.0
150	26.0	2.0
151	26.0	2.0
152	27.0	2.0
153	28.0	2.0
154	34.0	2.0
155	30.0	2.0
156	29.0	2.0
157	30.0	2.0
158	29.0	2.0
159	31.0	2.0
160	29.0	2.0
161	28.0	2.0
162	28.0	2.0
163	30.0	2.0
164	28.0	2.0
165	29.0	2.0
166	22.0	2.0
167	18.0	2.0
168	15.0	2.0
169	13.0	2.0
170	13.0	2.0
171	15.0	2.0
172	15.0	2.0
173	23.0	2.0
174	25.0	2.0
175	24.0	2.0
176	23.0	2.0
177	24.0	2.0
178	26.0	2.0
179	27.0	2.0
180	25.0	2.0
181	25.0	2.0
182	23.0	2.0
183	23.0	2.0
184	23.0	2.0
185	24.0	2.0
186	25.0	2.0
187	22.0	2.0
188	19.0	2.0
189	15.0	2.0
190	14.0	2.0
191	13.0	2.0
192	14.0	2.0
193	13.0	2.0
194	13.0	2.0
195	16.0	2.0
196	16.0	2.0
197	17.0	2.0
198	18.0	2.0
199	24.0	2.0
200	23.0	2.0
201	23.0	2.0
202	23.0	2.0
203	21.0	2.0
204	18.0	2.0
205	17.0	2.0
206	20.0	2.0
207	20.0	2.0
208	21.0	2.0
209	17.0	2.0
210	17.0	2.0
211	16.0	2.0
212	15.0	2.0
213	16.0	2.0
214	16.0	2.0
215	14.0	2.0
216	11.0	2.0
217	10.0	2.0
218	11.0	2.0
219	9.0	2.0
220	8.0	2.0
221	8.0	2.0
222	9.0	2.0
223	6.0	2.0
224	6.0	2.0
225	6.0	2.0
226	1.0	2.0
227	1.0	2.0
228	1.0	2.0
229	1.0	2.0
230	6.0	2.0
231	7.0	2.0
232	3.0	2.0
233	3.0	2.0
234	4.0	2.0
235	7.0	2.0
236	8.0	2.0
237	9.0	2.0
238	5.0	2.0
239	6.0	2.0
240	6.0	2.0
241	7.0	2.0
242	7.0	2.0
243	7.0	2.0
244	7.0	2.0
245	11.0	2.0
246	10.0	2.0
247	7.0	2.0
248	7.0	2.0
249	6.0	2.0
250	7.0	2.0
251	10.0	2.0
252	14.0	2.0
253	9.0	2.0
254	9.0	2.0
255	3.0	2.0
256	4.0	2.0
257	1.0	2.0
258	0.0	2.0
1	94.0	2.0
2	98.0	2.0
3	92.0	2.0
4	90.0	2.0
5	81.0	2.0
6	83.0	2.0
7	83.0	2.0
8	84.0	2.0
9	85.0	2.0
10	77.0	2.0
11	54.0	2.0
12	46.0	2.0
13	47.0	2.0
14	46.0	2.0
15	53.0	2.0
16	55.0	2.0
17	51.0	2.0
18	48.0	2.0
19	49.0	2.0
20	47.0	2.0
21	46.0	2.0
22	43.0	2.0
23	43.0	2.0
24	41.0	2.0
25	35.0	2.0
26	35.0	2.0
27	35.0	2.0
28	33.0	2.0
29	26.0	2.0
30	24.0	2.0
31	24.0	2.0
32	24.0	2.0
33	26.0	2.0
34	27.0	2.0
35	28.0	2.0
36	30.0	2.0
37	31.0	2.0
38	31.0	2.0
39	30.0	2.0
40	30.0	2.0
41	31.0	2.0
42	32.0	2.0
43	28.0	2.0
44	27.0	2.0
45	30.0	2.0
46	30.0	2.0
47	31.0	2.0
48	31.0	2.0
49	31.0	2.0
50	29.0	2.0
51	23.0	2.0
52	20.0	2.0
53	20.0	2.0
54	20.0	2.0
55	15.0	2.0
56	15.0	2.0
57	15.0	2.0
58	13.0	2.0
59	14.0	2.0
60	14.0	2.0
61	16.0	2.0
62	15.0	2.0
63	17.0	2.0
64	20.0	2.0
65	15.0	2.0
66	11.0	2.0
67	13.0	2.0
68	14.0	2.0
69	14.0	2.0
70	14.0	2.0
71	14.0	2.0
72	13.0	2.0
73	14.0	2.0
74	16.0	2.0
75	15.0	2.0
76	15.0	2.0
77	19.0	2.0
78	20.0	2.0
79	21.0	2.0
80	21.0	2.0
81	20.0	2.0
82	19.0	2.0
83	18.0	2.0
84	19.0	2.0
85	16.0	2.0
86	17.0	2.0
87	17.0	2.0
88	16.0	2.0
89	16.0	2.0
90	16.0	2.0
91	16.0	2.0
92	16.0	2.0
93	15.0	2.0
94	14.0	2.0
95	14.0	2.0
96	16.0	2.0
97	16.0	2.0
98	16.0	2.0
99	14.0	2.0
100	13.0	2.0
101	13.0	2.0
102	14.0	2.0
103	15.0	2.0
104	18.0	2.0
105	17.0	2.0
106	18.0	2.0
107	22.0	2.0
108	23.0	2.0
109	23.0	2.0
110	34.0	2.0
111	22.0	2.0
112	28.0	2.0
113	25.0	2.0
114	25.0	2.0
115	26.0	2.0
116	27.0	2.0
117	25.0	2.0
118	23.0	2.0
119	23.0	2.0
120	22.0	2.0
121	26.0	2.0
122	26.0	2.0
123	25.0	2.0
124	26.0	2.0
125	27.0	2.0
126	26.0	2.0
127	26.0	2.0
128	27.0	2.0
129	26.0	2.0
130	26.0	2.0
131	24.0	2.0
132	24.0	2.0
133	27.0	2.0
134	24.0	2.0
135	23.0	2.0
136	21.0	2.0
137	22.0	2.0
138	21.0	2.0
139	24.0	2.0
140	24.0	2.0
141	23.0	2.0
142	23.0	2.0
143	23.0	2.0
144	23.0	2.0
145	23.0	2.0
146	22.0	2.0
147	21.0	2.0
148	20.0	2.0
149	20.0	2.0
150	19.0	2.0
151	18.0	2.0
152	15.0	2.0
153	15.0	2.0
154	15.0	2.0
155	15.0	2.0
156	15.0	2.0
157	14.0	2.0
158	15.0	2.0
159	14.0	2.0
160	16.0	2.0
161	17.0	2.0
162	18.0	2.0
163	15.0	2.0
164	15.0	2.0
165	13.0	2.0
166	14.0	2.0
167	13.0	2.0
168	12.0	2.0
169	14.0	2.0
170	16.0	2.0
171	14.0	2.0
172	14.0	2.0
173	13.0	2.0
174	6.0	2.0
175	5.0	2.0
176	8.0	2.0
177	8.0	2.0
178	12.0	2.0
179	7.0	2.0
180	2.0	2.0
181	5.0	2.0
182	2.0	2.0
183	2.0	2.0
184	2.0	2.0
185	2.0	2.0
186	2.0	2.0
187	8.0	2.0
188	6.0	2.0
189	7.0	2.0
190	3.0	2.0
191	7.0	2.0
192	7.0	2.0
193	8.0	2.0
194	8.0	2.0
195	9.0	2.0
196	6.0	2.0
197	6.0	2.0
198	6.0	2.0
199	6.0	2.0
200	6.0	2.0
201	6.0	2.0
202	6.0	2.0
203	11.0	2.0
204	10.0	2.0
205	8.0	2.0
206	7.0	2.0
207	6.0	2.0
208	7.0	2.0
209	3.0	2.0
210	7.0	2.0
211	9.0	2.0
212	9.0	2.0
213	9.0	2.0
214	6.0	2.0
215	8.0	2.0
216	8.0	2.0
217	8.0	2.0
218	9.0	2.0
219	12.0	2.0
220	8.0	2.0
221	7.0	2.0
222	7.0	2.0
223	7.0	2.0
224	7.0	2.0
225	7.0	2.0
226	7.0	2.0
227	7.0	2.0
228	6.0	2.0
229	5.0	2.0
230	5.0	2.0
231	6.0	2.0
232	6.0	2.0
233	6.0	2.0
234	6.0	2.0
235	6.0	2.0
236	6.0	2.0
237	5.0	2.0
238	9.0	2.0
239	10.0	2.0
240	9.0	2.0
241	6.0	2.0
242	6.0	2.0
243	6.0	2.0
244	10.0	2.0
245	13.0	2.0
246	13.0	2.0
247	12.0	2.0
248	11.0	2.0
249	11.0	2.0
250	12.0	2.0
251	12.0	2.0
252	12.0	2.0
253	11.0	2.0
254	8.0	2.0
255	7.0	2.0
256	10.0	2.0
257	13.0	2.0
258	13.0	2.0
259	15.0	2.0
260	15.0	2.0
261	18.0	2.0
262	18.0	2.0
263	19.0	2.0
264	13.0	2.0
265	10.0	2.0
266	10.0	2.0
267	12.0	2.0
268	6.0	2.0
269	13.0	2.0
270	14.0	2.0
271	17.0	2.0
272	13.0	2.0
273	14.0	2.0
274	19.0	2.0
275	16.0	2.0
276	13.0	2.0
277	13.0	2.0
278	13.0	2.0
279	8.0	2.0
280	8.0	2.0
281	1.0	2.0
282	4.0	2.0
283	0.0	2.0
1	136.0	2.0
2	86.0	2.0
3	87.0	2.0
4	86.0	2.0
5	84.0	2.0
6	84.0	2.0
7	66.0	2.0
8	67.0	2.0
9	63.0	2.0
10	49.0	2.0
11	44.0	2.0
12	45.0	2.0
13	42.0	2.0
14	37.0	2.0
15	37.0	2.0
16	37.0	2.0
17	38.0	2.0
18	37.0	2.0
19	34.0	2.0
20	30.0	2.0
21	33.0	2.0
22	35.0	2.0
23	35.0	2.0
24	33.0	2.0
25	30.0	2.0
26	32.0	2.0
27	22.0	2.0
28	24.0	2.0
29	20.0	2.0
30	20.0	2.0
31	22.0	2.0
32	20.0	2.0
33	20.0	2.0
34	22.0	2.0
35	22.0	2.0
36	20.0	2.0
37	25.0	2.0
38	24.0	2.0
39	25.0	2.0
40	21.0	2.0
41	22.0	2.0
42	19.0	2.0
43	19.0	2.0
44	27.0	2.0
45	31.0	2.0
46	31.0	2.0
47	27.0	2.0
48	26.0	2.0
49	30.0	2.0
50	29.0	2.0
51	28.0	2.0
52	28.0	2.0
53	28.0	2.0
54	25.0	2.0
55	26.0	2.0
56	27.0	2.0
57	23.0	2.0
58	25.0	2.0
59	25.0	2.0
60	25.0	2.0
61	27.0	2.0
62	25.0	2.0
63	29.0	2.0
64	28.0	2.0
65	28.0	2.0
66	25.0	2.0
67	25.0	2.0
68	26.0	2.0
69	26.0	2.0
70	33.0	2.0
71	43.0	2.0
72	20.0	2.0
73	17.0	2.0
74	17.0	2.0
75	16.0	2.0
76	17.0	2.0
77	19.0	2.0
78	18.0	2.0
79	18.0	2.0
80	19.0	2.0
81	17.0	2.0
82	15.0	2.0
83	20.0	2.0
84	22.0	2.0
85	23.0	2.0
86	24.0	2.0
87	25.0	2.0
88	27.0	2.0
89	28.0	2.0
90	27.0	2.0
91	30.0	2.0
92	31.0	2.0
93	30.0	2.0
94	29.0	2.0
95	30.0	2.0
96	30.0	2.0
97	28.0	2.0
98	25.0	2.0
99	24.0	2.0
100	26.0	2.0
101	22.0	2.0
102	22.0	2.0
103	25.0	2.0
104	25.0	2.0
105	25.0	2.0
106	23.0	2.0
107	15.0	2.0
108	18.0	2.0
109	20.0	2.0
110	20.0	2.0
111	27.0	2.0
112	26.0	2.0
113	19.0	2.0
114	15.0	2.0
115	12.0	2.0
116	22.0	2.0
117	22.0	2.0
118	15.0	2.0
119	16.0	2.0
120	15.0	2.0
121	18.0	2.0
122	21.0	2.0
123	21.0	2.0
124	24.0	2.0
125	20.0	2.0
126	25.0	2.0
127	24.0	2.0
128	29.0	2.0
129	28.0	2.0
130	29.0	2.0
131	25.0	2.0
132	25.0	2.0
133	19.0	2.0
134	19.0	2.0
135	22.0	2.0
136	22.0	2.0
137	22.0	2.0
138	21.0	2.0
139	28.0	2.0
140	30.0	2.0
141	25.0	2.0
142	24.0	2.0
143	23.0	2.0
144	22.0	2.0
145	23.0	2.0
146	24.0	2.0
147	24.0	2.0
148	20.0	2.0
149	18.0	2.0
150	21.0	2.0
151	20.0	2.0
152	21.0	2.0
153	12.0	2.0
154	12.0	2.0
155	12.0	2.0
156	9.0	2.0
157	11.0	2.0
158	10.0	2.0
159	12.0	2.0
160	11.0	2.0
161	11.0	2.0
162	15.0	2.0
163	11.0	2.0
164	10.0	2.0
165	9.0	2.0
166	8.0	2.0
167	8.0	2.0
168	9.0	2.0
169	6.0	2.0
170	5.0	2.0
171	13.0	2.0
172	12.0	2.0
173	12.0	2.0
174	12.0	2.0
175	10.0	2.0
176	7.0	2.0
177	17.0	2.0
178	16.0	2.0
179	17.0	2.0
180	17.0	2.0
181	16.0	2.0
182	12.0	2.0
183	14.0	2.0
184	12.0	2.0
185	12.0	2.0
186	15.0	2.0
187	16.0	2.0
188	18.0	2.0
189	20.0	2.0
190	17.0	2.0
191	16.0	2.0
192	19.0	2.0
193	21.0	2.0
194	25.0	2.0
195	21.0	2.0
196	23.0	2.0
197	23.0	2.0
198	19.0	2.0
199	16.0	2.0
200	16.0	2.0
201	16.0	2.0
202	18.0	2.0
203	19.0	2.0
204	19.0	2.0
205	24.0	2.0
206	24.0	2.0
207	20.0	2.0
208	19.0	2.0
209	22.0	2.0
210	22.0	2.0
211	20.0	2.0
212	17.0	2.0
213	12.0	2.0
214	12.0	2.0
215	11.0	2.0
216	8.0	2.0
217	8.0	2.0
218	10.0	2.0
219	13.0	2.0
220	12.0	2.0
221	12.0	2.0
222	13.0	2.0
223	11.0	2.0
224	12.0	2.0
225	12.0	2.0
226	12.0	2.0
227	12.0	2.0
228	13.0	2.0
229	12.0	2.0
230	12.0	2.0
231	11.0	2.0
232	12.0	2.0
233	12.0	2.0
234	15.0	2.0
235	14.0	2.0
236	14.0	2.0
237	15.0	2.0
238	16.0	2.0
239	13.0	2.0
240	12.0	2.0
241	14.0	2.0
242	15.0	2.0
243	12.0	2.0
244	9.0	2.0
245	9.0	2.0
246	10.0	2.0
247	9.0	2.0
248	9.0	2.0
249	12.0	2.0
250	11.0	2.0
251	11.0	2.0
252	11.0	2.0
253	13.0	2.0
254	2.0	2.0
255	5.0	2.0
256	8.0	2.0
257	10.0	2.0
258	10.0	2.0
259	8.0	2.0
260	8.0	2.0
261	8.0	2.0
262	8.0	2.0
263	5.0	2.0
264	5.0	2.0
265	7.0	2.0
266	13.0	2.0
267	20.0	2.0
268	18.0	2.0
269	16.0	2.0
270	14.0	2.0
271	15.0	2.0
272	14.0	2.0
273	14.0	2.0
274	16.0	2.0
275	15.0	2.0
276	16.0	2.0
277	18.0	2.0
278	19.0	2.0
279	19.0	2.0
280	24.0	2.0
281	17.0	2.0
282	18.0	2.0
283	20.0	2.0
284	19.0	2.0
285	17.0	2.0
286	17.0	2.0
287	13.0	2.0
288	11.0	2.0
289	12.0	2.0
290	12.0	2.0
291	11.0	2.0
292	7.0	2.0
293	7.0	2.0
294	7.0	2.0
295	5.0	2.0
296	4.0	2.0
297	6.0	2.0
298	14.0	2.0
299	12.0	2.0
300	15.0	2.0
301	14.0	2.0
302	14.0	2.0
303	13.0	2.0
304	17.0	2.0
305	13.0	2.0
306	18.0	2.0
307	22.0	2.0
308	20.0	2.0
309	23.0	2.0
310	27.0	2.0
311	27.0	2.0
312	29.0	2.0
313	28.0	2.0
314	27.0	2.0
315	23.0	2.0
316	21.0	2.0
317	20.0	2.0
318	18.0	2.0
319	16.0	2.0
320	21.0	2.0
321	18.0	2.0
322	18.0	2.0
323	18.0	2.0
324	16.0	2.0
325	18.0	2.0
326	18.0	2.0
327	15.0	2.0
328	18.0	2.0
329	15.0	2.0
330	22.0	2.0
331	24.0	2.0
332	24.0	2.0
333	22.0	2.0
334	19.0	2.0
335	22.0	2.0
336	23.0	2.0
337	23.0	2.0
338	22.0	2.0
339	29.0	2.0
340	30.0	2.0
341	29.0	2.0
342	26.0	2.0
343	24.0	2.0
344	25.0	2.0
345	28.0	2.0
346	26.0	2.0
347	25.0	2.0
348	25.0	2.0
349	29.0	2.0
350	31.0	2.0
351	23.0	2.0
352	25.0	2.0
353	21.0	2.0
354	22.0	2.0
355	24.0	2.0
356	24.0	2.0
357	24.0	2.0
358	26.0	2.0
359	26.0	2.0
360	25.0	2.0
361	25.0	2.0
362	22.0	2.0
363	22.0	2.0
364	22.0	2.0
365	19.0	2.0
366	19.0	2.0
367	19.0	2.0
368	18.0	2.0
369	18.0	2.0
370	17.0	2.0
371	17.0	2.0
372	18.0	2.0
373	21.0	2.0
374	22.0	2.0
375	21.0	2.0
376	20.0	2.0
377	19.0	2.0
378	19.0	2.0
379	19.0	2.0
380	19.0	2.0
381	21.0	2.0
382	23.0	2.0
383	26.0	2.0
384	25.0	2.0
385	25.0	2.0
386	29.0	2.0
387	28.0	2.0
388	28.0	2.0
389	28.0	2.0
390	30.0	2.0
391	28.0	2.0
392	27.0	2.0
393	26.0	2.0
394	30.0	2.0
395	30.0	2.0
396	28.0	2.0
397	26.0	2.0
398	21.0	2.0
399	20.0	2.0
400	20.0	2.0
401	19.0	2.0
402	19.0	2.0
403	19.0	2.0
404	20.0	2.0
405	21.0	2.0
406	18.0	2.0
407	19.0	2.0
408	25.0	2.0
409	25.0	2.0
410	26.0	2.0
411	25.0	2.0
412	27.0	2.0
413	23.0	2.0
414	23.0	2.0
415	27.0	2.0
416	24.0	2.0
417	17.0	2.0
418	13.0	2.0
419	11.0	2.0
420	11.0	2.0
421	12.0	2.0
422	12.0	2.0
423	11.0	2.0
424	11.0	2.0
425	11.0	2.0
426	11.0	2.0
427	14.0	2.0
428	15.0	2.0
429	15.0	2.0
430	14.0	2.0
431	14.0	2.0
432	14.0	2.0
433	16.0	2.0
434	16.0	2.0
435	13.0	2.0
436	14.0	2.0
437	15.0	2.0
438	15.0	2.0
439	19.0	2.0
440	18.0	2.0
441	19.0	2.0
442	14.0	2.0
443	14.0	2.0
444	15.0	2.0
445	15.0	2.0
446	15.0	2.0
447	15.0	2.0
448	15.0	2.0
449	15.0	2.0
450	16.0	2.0
451	19.0	2.0
452	19.0	2.0
453	20.0	2.0
454	21.0	2.0
455	22.0	2.0
456	19.0	2.0
457	20.0	2.0
458	20.0	2.0
459	20.0	2.0
460	22.0	2.0
461	21.0	2.0
462	25.0	2.0
463	25.0	2.0
464	25.0	2.0
465	24.0	2.0
466	24.0	2.0
467	26.0	2.0
468	24.0	2.0
469	24.0	2.0
470	26.0	2.0
471	26.0	2.0
472	26.0	2.0
473	24.0	2.0
474	25.0	2.0
475	28.0	2.0
476	28.0	2.0
477	24.0	2.0
478	21.0	2.0
479	20.0	2.0
480	20.0	2.0
481	19.0	2.0
482	21.0	2.0
483	19.0	2.0
484	21.0	2.0
485	24.0	2.0
486	23.0	2.0
487	23.0	2.0
488	19.0	2.0
489	19.0	2.0
490	15.0	2.0
491	12.0	2.0
492	16.0	2.0
493	9.0	2.0
494	11.0	2.0
495	12.0	2.0
496	11.0	2.0
497	10.0	2.0
498	16.0	2.0
499	18.0	2.0
500	19.0	2.0
501	19.0	2.0
502	17.0	2.0
503	17.0	2.0
504	18.0	2.0
505	18.0	2.0
506	21.0	2.0
507	20.0	2.0
508	21.0	2.0
509	19.0	2.0
510	17.0	2.0
511	20.0	2.0
512	21.0	2.0
513	20.0	2.0
514	20.0	2.0
515	19.0	2.0
516	18.0	2.0
517	19.0	2.0
518	20.0	2.0
519	20.0	2.0
520	16.0	2.0
521	14.0	2.0
522	14.0	2.0
523	12.0	2.0
524	11.0	2.0
525	11.0	2.0
526	14.0	2.0
527	17.0	2.0
528	12.0	2.0
529	14.0	2.0
530	10.0	2.0
531	10.0	2.0
532	9.0	2.0
533	10.0	2.0
534	13.0	2.0
535	12.0	2.0
536	14.0	2.0
537	12.0	2.0
538	5.0	2.0
539	6.0	2.0
540	2.0	2.0
541	1.0	2.0
542	4.0	2.0
543	7.0	2.0
544	7.0	2.0
545	5.0	2.0
546	5.0	2.0
547	3.0	2.0
548	2.0	2.0
549	2.0	2.0
550	2.0	2.0
551	3.0	2.0
552	2.0	2.0
553	3.0	2.0
554	5.0	2.0
555	8.0	2.0
556	5.0	2.0
557	4.0	2.0
558	4.0	2.0
559	8.0	2.0
560	9.0	2.0
561	7.0	2.0
562	4.0	2.0
563	2.0	2.0
564	2.0	2.0
565	2.0	2.0
566	1.0	2.0
567	1.0	2.0
568	1.0	2.0
569	0.0	2.0
1	132.0	2.0
2	133.0	2.0
3	116.0	2.0
4	115.0	2.0
5	107.0	2.0
6	99.0	2.0
7	96.0	2.0
8	82.0	2.0
9	82.0	2.0
10	78.0	2.0
11	73.0	2.0
12	66.0	2.0
13	66.0	2.0
14	64.0	2.0
15	63.0	2.0
16	59.0	2.0
17	56.0	2.0
18	50.0	2.0
19	42.0	2.0
20	35.0	2.0
21	35.0	2.0
22	33.0	2.0
23	32.0	2.0
24	35.0	2.0
25	35.0	2.0
26	35.0	2.0
27	32.0	2.0
28	33.0	2.0
29	31.0	2.0
30	30.0	2.0
31	28.0	2.0
32	26.0	2.0
33	20.0	2.0
34	14.0	2.0
35	14.0	2.0
36	14.0	2.0
37	12.0	2.0
38	12.0	2.0
39	19.0	2.0
40	20.0	2.0
41	23.0	2.0
42	17.0	2.0
43	18.0	2.0
44	19.0	2.0
45	18.0	2.0
46	20.0	2.0
47	22.0	2.0
48	22.0	2.0
49	20.0	2.0
50	21.0	2.0
51	23.0	2.0
52	20.0	2.0
53	16.0	2.0
54	16.0	2.0
55	16.0	2.0
56	15.0	2.0
57	16.0	2.0
58	18.0	2.0
59	17.0	2.0
60	18.0	2.0
61	16.0	2.0
62	19.0	2.0
63	20.0	2.0
64	22.0	2.0
65	22.0	2.0
66	24.0	2.0
67	24.0	2.0
68	22.0	2.0
69	21.0	2.0
70	22.0	2.0
71	20.0	2.0
72	20.0	2.0
73	19.0	2.0
74	19.0	2.0
75	20.0	2.0
76	19.0	2.0
77	14.0	2.0
78	14.0	2.0
79	10.0	2.0
80	15.0	2.0
81	7.0	2.0
82	10.0	2.0
83	8.0	2.0
84	8.0	2.0
85	6.0	2.0
86	6.0	2.0
87	5.0	2.0
88	5.0	2.0
89	2.0	2.0
90	6.0	2.0
91	6.0	2.0
92	5.0	2.0
93	7.0	2.0
94	5.0	2.0
95	3.0	2.0
96	5.0	2.0
97	3.0	2.0
98	3.0	2.0
99	3.0	2.0
100	2.0	2.0
101	3.0	2.0
102	2.0	2.0
103	0.0	2.0
1	134.0	2.0
2	131.0	2.0
3	123.0	2.0
4	108.0	2.0
5	86.0	2.0
6	81.0	2.0
7	72.0	2.0
8	63.0	2.0
9	63.0	2.0
10	63.0	2.0
11	61.0	2.0
12	62.0	2.0
13	62.0	2.0
14	60.0	2.0
15	54.0	2.0
16	54.0	2.0
17	48.0	2.0
18	45.0	2.0
19	45.0	2.0
20	39.0	2.0
21	37.0	2.0
22	37.0	2.0
23	36.0	2.0
24	36.0	2.0
25	34.0	2.0
26	34.0	2.0
27	34.0	2.0
28	34.0	2.0
29	34.0	2.0
30	34.0	2.0
31	39.0	2.0
32	38.0	2.0
33	37.0	2.0
34	36.0	2.0
35	37.0	2.0
36	37.0	2.0
37	37.0	2.0
38	37.0	2.0
39	31.0	2.0
40	30.0	2.0
41	30.0	2.0
42	34.0	2.0
43	29.0	2.0
44	29.0	2.0
45	29.0	2.0
46	30.0	2.0
47	30.0	2.0
48	30.0	2.0
49	31.0	2.0
50	29.0	2.0
51	31.0	2.0
52	30.0	2.0
53	31.0	2.0
54	31.0	2.0
55	25.0	2.0
56	27.0	2.0
57	25.0	2.0
58	25.0	2.0
59	31.0	2.0
60	32.0	2.0
61	32.0	2.0
62	36.0	2.0
63	39.0	2.0
64	40.0	2.0
65	40.0	2.0
66	39.0	2.0
67	38.0	2.0
68	39.0	2.0
69	39.0	2.0
70	34.0	2.0
71	28.0	2.0
72	31.0	2.0
73	32.0	2.0
74	35.0	2.0
75	35.0	2.0
76	35.0	2.0
77	35.0	2.0
78	35.0	2.0
79	35.0	2.0
80	27.0	2.0
81	27.0	2.0
82	28.0	2.0
83	25.0	2.0
84	26.0	2.0
85	26.0	2.0
86	27.0	2.0
87	29.0	2.0
88	26.0	2.0
89	22.0	2.0
90	22.0	2.0
91	19.0	2.0
92	23.0	2.0
93	27.0	2.0
94	24.0	2.0
95	24.0	2.0
96	30.0	2.0
97	27.0	2.0
98	26.0	2.0
99	27.0	2.0
100	27.0	2.0
101	27.0	2.0
102	26.0	2.0
103	27.0	2.0
104	27.0	2.0
105	28.0	2.0
106	29.0	2.0
107	31.0	2.0
108	28.0	2.0
109	28.0	2.0
110	23.0	2.0
111	26.0	2.0
112	27.0	2.0
113	27.0	2.0
114	24.0	2.0
115	23.0	2.0
116	26.0	2.0
117	21.0	2.0
118	21.0	2.0
119	26.0	2.0
120	29.0	2.0
121	29.0	2.0
122	23.0	2.0
123	24.0	2.0
124	22.0	2.0
125	23.0	2.0
126	27.0	2.0
127	26.0	2.0
128	23.0	2.0
129	19.0	2.0
130	19.0	2.0
131	20.0	2.0
132	20.0	2.0
133	20.0	2.0
134	18.0	2.0
135	19.0	2.0
136	18.0	2.0
137	22.0	2.0
138	25.0	2.0
139	23.0	2.0
140	22.0	2.0
141	24.0	2.0
142	24.0	2.0
143	23.0	2.0
144	29.0	2.0
145	29.0	2.0
146	27.0	2.0
147	27.0	2.0
148	31.0	2.0
149	27.0	2.0
150	25.0	2.0
151	29.0	2.0
152	28.0	2.0
153	21.0	2.0
154	21.0	2.0
155	20.0	2.0
156	25.0	2.0
157	26.0	2.0
158	27.0	2.0
159	29.0	2.0
160	23.0	2.0
161	20.0	2.0
162	20.0	2.0
163	21.0	2.0
164	21.0	2.0
165	21.0	2.0
166	21.0	2.0
167	21.0	2.0
168	21.0	2.0
169	21.0	2.0
170	23.0	2.0
171	23.0	2.0
172	19.0	2.0
173	18.0	2.0
174	22.0	2.0
175	21.0	2.0
176	24.0	2.0
177	23.0	2.0
178	23.0	2.0
179	22.0	2.0
180	21.0	2.0
181	21.0	2.0
182	21.0	2.0
183	22.0	2.0
184	21.0	2.0
185	21.0	2.0
186	19.0	2.0
187	20.0	2.0
188	19.0	2.0
189	20.0	2.0
190	21.0	2.0
191	19.0	2.0
192	16.0	2.0
193	16.0	2.0
194	16.0	2.0
195	14.0	2.0
196	14.0	2.0
197	14.0	2.0
198	12.0	2.0
199	11.0	2.0
200	14.0	2.0
201	14.0	2.0
202	15.0	2.0
203	16.0	2.0
204	15.0	2.0
205	13.0	2.0
206	15.0	2.0
207	13.0	2.0
208	13.0	2.0
209	12.0	2.0
210	12.0	2.0
211	12.0	2.0
212	12.0	2.0
213	11.0	2.0
214	15.0	2.0
215	16.0	2.0
216	15.0	2.0
217	12.0	2.0
218	7.0	2.0
219	10.0	2.0
220	10.0	2.0
221	11.0	2.0
222	13.0	2.0
223	12.0	2.0
224	13.0	2.0
225	14.0	2.0
226	17.0	2.0
227	10.0	2.0
228	10.0	2.0
229	9.0	2.0
230	9.0	2.0
231	11.0	2.0
232	14.0	2.0
233	17.0	2.0
234	17.0	2.0
235	17.0	2.0
236	22.0	2.0
237	26.0	2.0
238	31.0	2.0
239	30.0	2.0
240	30.0	2.0
241	31.0	2.0
242	32.0	2.0
243	26.0	2.0
244	14.0	2.0
245	19.0	2.0
246	11.0	2.0
247	11.0	2.0
248	14.0	2.0
249	14.0	2.0
250	13.0	2.0
251	12.0	2.0
252	13.0	2.0
253	12.0	2.0
254	19.0	2.0
255	17.0	2.0
256	15.0	2.0
257	17.0	2.0
258	8.0	2.0
259	11.0	2.0
260	11.0	2.0
261	14.0	2.0
262	16.0	2.0
263	12.0	2.0
264	7.0	2.0
265	7.0	2.0
266	8.0	2.0
267	8.0	2.0
268	10.0	2.0
269	12.0	2.0
270	13.0	2.0
271	13.0	2.0
272	12.0	2.0
273	8.0	2.0
274	8.0	2.0
275	8.0	2.0
276	8.0	2.0
277	7.0	2.0
278	7.0	2.0
279	7.0	2.0
280	15.0	2.0
281	14.0	2.0
282	15.0	2.0
283	14.0	2.0
284	15.0	2.0
285	15.0	2.0
286	12.0	2.0
287	19.0	2.0
288	20.0	2.0
289	16.0	2.0
290	14.0	2.0
291	16.0	2.0
292	16.0	2.0
293	14.0	2.0
294	10.0	2.0
295	12.0	2.0
296	21.0	2.0
297	18.0	2.0
298	17.0	2.0
299	14.0	2.0
300	14.0	2.0
301	11.0	2.0
302	9.0	2.0
303	8.0	2.0
304	7.0	2.0
305	7.0	2.0
306	10.0	2.0
307	10.0	2.0
308	8.0	2.0
309	8.0	2.0
310	13.0	2.0
311	8.0	2.0
312	9.0	2.0
313	11.0	2.0
314	10.0	2.0
315	7.0	2.0
316	7.0	2.0
317	7.0	2.0
318	10.0	2.0
319	9.0	2.0
320	12.0	2.0
321	10.0	2.0
322	12.0	2.0
323	10.0	2.0
324	8.0	2.0
325	7.0	2.0
326	3.0	2.0
327	3.0	2.0
328	5.0	2.0
329	7.0	2.0
330	6.0	2.0
331	6.0	2.0
332	7.0	2.0
333	6.0	2.0
334	6.0	2.0
335	3.0	2.0
336	7.0	2.0
337	5.0	2.0
338	8.0	2.0
339	8.0	2.0
340	10.0	2.0
341	7.0	2.0
342	7.0	2.0
343	5.0	2.0
344	5.0	2.0
345	5.0	2.0
346	5.0	2.0
347	11.0	2.0
348	9.0	2.0
349	17.0	2.0
350	16.0	2.0
351	16.0	2.0
352	16.0	2.0
353	16.0	2.0
354	16.0	2.0
355	16.0	2.0
356	16.0	2.0
357	16.0	2.0
358	18.0	2.0
359	20.0	2.0
360	23.0	2.0
361	27.0	2.0
362	29.0	2.0
363	27.0	2.0
364	20.0	2.0
365	19.0	2.0
366	19.0	2.0
367	15.0	2.0
368	13.0	2.0
369	15.0	2.0
370	13.0	2.0
371	12.0	2.0
372	15.0	2.0
373	18.0	2.0
374	16.0	2.0
375	16.0	2.0
376	19.0	2.0
377	22.0	2.0
378	22.0	2.0
379	21.0	2.0
380	19.0	2.0
381	19.0	2.0
382	18.0	2.0
383	18.0	2.0
384	18.0	2.0
385	16.0	2.0
386	18.0	2.0
387	18.0	2.0
388	19.0	2.0
389	22.0	2.0
390	25.0	2.0
391	25.0	2.0
392	23.0	2.0
393	20.0	2.0
394	22.0	2.0
395	18.0	2.0
396	19.0	2.0
397	18.0	2.0
398	17.0	2.0
399	16.0	2.0
400	14.0	2.0
401	13.0	2.0
402	14.0	2.0
403	15.0	2.0
404	15.0	2.0
405	20.0	2.0
406	16.0	2.0
407	16.0	2.0
408	18.0	2.0
409	18.0	2.0
410	17.0	2.0
411	16.0	2.0
412	14.0	2.0
413	14.0	2.0
414	17.0	2.0
415	18.0	2.0
416	18.0	2.0
417	20.0	2.0
418	18.0	2.0
419	21.0	2.0
420	18.0	2.0
421	17.0	2.0
422	15.0	2.0
423	15.0	2.0
424	16.0	2.0
425	19.0	2.0
426	17.0	2.0
427	17.0	2.0
428	19.0	2.0
429	20.0	2.0
430	24.0	2.0
431	23.0	2.0
432	15.0	2.0
433	17.0	2.0
434	16.0	2.0
435	13.0	2.0
436	12.0	2.0
437	9.0	2.0
438	8.0	2.0
439	8.0	2.0
440	10.0	2.0
441	12.0	2.0
442	11.0	2.0
443	8.0	2.0
444	8.0	2.0
445	13.0	2.0
446	19.0	2.0
447	28.0	2.0
448	30.0	2.0
449	32.0	2.0
450	33.0	2.0
451	34.0	2.0
452	32.0	2.0
453	31.0	2.0
454	32.0	2.0
455	33.0	2.0
456	28.0	2.0
457	31.0	2.0
458	31.0	2.0
459	27.0	2.0
460	25.0	2.0
461	17.0	2.0
462	16.0	2.0
463	16.0	2.0
464	14.0	2.0
465	16.0	2.0
466	18.0	2.0
467	17.0	2.0
468	15.0	2.0
469	17.0	2.0
470	15.0	2.0
471	15.0	2.0
472	16.0	2.0
473	14.0	2.0
474	15.0	2.0
475	15.0	2.0
476	15.0	2.0
477	15.0	2.0
478	17.0	2.0
479	16.0	2.0
480	19.0	2.0
481	19.0	2.0
482	20.0	2.0
483	19.0	2.0
484	18.0	2.0
485	16.0	2.0
486	17.0	2.0
487	18.0	2.0
488	21.0	2.0
489	19.0	2.0
490	19.0	2.0
491	19.0	2.0
492	18.0	2.0
493	17.0	2.0
494	14.0	2.0
495	14.0	2.0
496	10.0	2.0
497	11.0	2.0
498	12.0	2.0
499	13.0	2.0
500	13.0	2.0
501	13.0	2.0
502	11.0	2.0
503	11.0	2.0
504	10.0	2.0
505	11.0	2.0
506	13.0	2.0
507	13.0	2.0
508	14.0	2.0
509	15.0	2.0
510	14.0	2.0
511	13.0	2.0
512	13.0	2.0
513	13.0	2.0
514	12.0	2.0
515	12.0	2.0
516	12.0	2.0
517	13.0	2.0
518	15.0	2.0
519	14.0	2.0
520	13.0	2.0
521	12.0	2.0
522	12.0	2.0
523	13.0	2.0
524	13.0	2.0
525	14.0	2.0
526	13.0	2.0
527	16.0	2.0
528	13.0	2.0
529	12.0	2.0
530	11.0	2.0
531	10.0	2.0
532	12.0	2.0
533	7.0	2.0
534	6.0	2.0
535	6.0	2.0
536	6.0	2.0
537	6.0	2.0
538	6.0	2.0
539	11.0	2.0
540	10.0	2.0
541	9.0	2.0
542	9.0	2.0
543	9.0	2.0
544	6.0	2.0
545	6.0	2.0
546	8.0	2.0
547	5.0	2.0
548	5.0	2.0
549	5.0	2.0
550	4.0	2.0
551	3.0	2.0
552	3.0	2.0
553	0.0	2.0
