1	1	2.0
2	1	2.0
3	4	2.0
4	1	2.0
5	2	2.0
6	8	2.0
7	3	2.0
8	2	2.0
9	2	2.0
10	1	2.0
11	3	2.0
12	4	2.0
13	2	2.0
14	1	2.0
15	5	2.0
16	3	2.0
17	7	2.0
18	3	2.0
19	4	2.0
20	27	2.0
21	43	2.0
22	1	2.0
23	5	2.0
24	14	2.0
25	11	2.0
26	3	2.0
27	11	2.0
28	11	2.0
29	10	2.0
30	12	2.0
31	2	2.0
32	5	2.0
33	1	2.0
34	1	2.0
35	1	2.0
36	4	2.0
37	1	2.0
38	4	2.0
39	1	2.0
40	7	2.0
41	1	2.0
42	3	2.0
43	5	2.0
44	3	2.0
45	12	2.0
46	6	2.0
47	28	2.0
48	1	2.0
49	1	2.0
50	2	2.0
51	1	2.0
52	5	2.0
53	1	2.0
54	6	2.0
55	10	2.0
56	6	2.0
57	7	2.0
58	2	2.0
59	7	2.0
60	6	2.0
61	3	2.0
62	9	2.0
63	10	2.0
64	3	2.0
65	1	2.0
66	11	2.0
67	4	2.0
68	30	2.0
69	9	2.0
70	1	2.0
71	5	2.0
72	1	2.0
73	6	2.0
74	8	2.0
75	1	2.0
76	10	2.0
77	1	2.0
78	5	2.0
79	1	2.0
80	14	2.0
81	2	2.0
82	3	2.0
83	5	2.0
84	5	2.0
85	1	2.0
86	7	2.0
87	6	2.0
88	1	2.0
89	8	2.0
90	7	2.0
91	3	2.0
92	2	2.0
93	4	2.0
94	5	2.0
95	5	2.0
96	6	2.0
97	11	2.0
98	8	2.0
99	6	2.0
100	8	2.0
101	4	2.0
102	13	2.0
103	1	2.0
104	4	2.0
105	1	2.0
106	1	2.0
107	3	2.0
108	5	2.0
109	16	2.0
110	3	2.0
111	1	2.0
112	12	2.0
113	2	2.0
114	5	2.0
115	2	2.0
116	1	2.0
117	1	2.0
118	1	2.0
119	3	2.0
120	10	2.0
121	3	2.0
122	8	2.0
123	1	2.0
124	7	2.0
125	3	2.0
126	5	2.0
127	2	2.0
128	15	2.0
129	6	2.0
130	2	2.0
131	1	2.0
132	9	2.0
133	2	2.0
134	8	2.0
135	1	2.0
136	8	2.0
137	10	2.0
138	2	2.0
139	3	2.0
140	4	2.0
141	1	2.0
142	5	2.0
143	7	2.0
144	2	2.0
145	26	2.0
146	16	2.0
147	2	2.0
148	2	2.0
149	4	2.0
150	2	2.0
151	2	2.0
152	8	2.0
153	3	2.0
154	15	2.0
155	1	2.0
156	1	2.0
157	6	2.0
158	5	2.0
159	9	2.0
160	3	2.0
161	4	2.0
162	7	2.0
163	6	2.0
164	6	2.0
165	4	2.0
166	1	2.0
167	2	2.0
168	1	2.0
169	10	2.0
170	14	2.0
171	2	2.0
172	1	2.0
173	4	2.0
174	1	2.0
175	3	2.0
176	4	2.0
177	1	2.0
178	8	2.0
179	1	2.0
180	8	2.0
181	5	2.0
182	4	2.0
183	5	2.0
184	3	2.0
185	5	2.0
186	5	2.0
187	1	2.0
188	2	2.0
189	1	2.0
190	1	2.0
191	2	2.0
192	8	2.0
193	1	2.0
194	1	2.0
195	9	2.0
196	1	2.0
197	4	2.0
198	2	2.0
199	3	2.0
200	1	2.0
201	2	2.0
202	3	2.0
203	4	2.0
204	9	2.0
205	2	2.0
206	11	2.0
207	1	2.0
208	5	2.0
209	1	2.0
210	1	2.0
211	3	2.0
212	1	2.0
213	1	2.0
214	1	2.0
215	4	2.0
216	6	2.0
217	3	2.0
218	2	2.0
219	5	2.0
220	5	2.0
221	7	2.0
222	8	2.0
1	4	2.0
2	2	2.0
3	2	2.0
4	4	2.0
5	6	2.0
6	2	2.0
7	2	2.0
8	1	2.0
9	2	2.0
10	1	2.0
11	1	2.0
12	1	2.0
13	1	2.0
14	1	2.0
15	2	2.0
16	2	2.0
17	3	2.0
18	5	2.0
19	2	2.0
20	1	2.0
21	1	2.0
22	2	2.0
23	2	2.0
24	6	2.0
25	2	2.0
26	2	2.0
27	8	2.0
28	1	2.0
29	1	2.0
30	8	2.0
31	2	2.0
32	1	2.0
33	1	2.0
34	6	2.0
35	3	2.0
36	4	2.0
37	1	2.0
38	1	2.0
39	1	2.0
40	4	2.0
41	3	2.0
42	1	2.0
43	1	2.0
44	1	2.0
45	2	2.0
46	2	2.0
47	1	2.0
48	1	2.0
49	1	2.0
50	5	2.0
51	1	2.0
52	1	2.0
53	2	2.0
54	1	2.0
55	1	2.0
56	2	2.0
57	1	2.0
58	2	2.0
59	1	2.0
60	1	2.0
61	1	2.0
62	5	2.0
63	7	2.0
64	2	2.0
65	8	2.0
66	1	2.0
67	6	2.0
68	7	2.0
69	7	2.0
70	5	2.0
71	11	2.0
72	6	2.0
73	5	2.0
74	8	2.0
75	5	2.0
76	1	2.0
77	3	2.0
78	22	2.0
79	13	2.0
80	16	2.0
81	18	2.0
82	8	2.0
83	2	2.0
84	6	2.0
85	7	2.0
86	3	2.0
87	21	2.0
88	15	2.0
89	23	2.0
90	16	2.0
91	5	2.0
92	1	2.0
93	2	2.0
94	20	2.0
95	11	2.0
96	22	2.0
97	12	2.0
98	10	2.0
99	11	2.0
100	1	2.0
101	7	2.0
102	8	2.0
103	18	2.0
104	1	2.0
105	2	2.0
106	13	2.0
107	2	2.0
108	7	2.0
109	3	2.0
110	3	2.0
111	11	2.0
112	11	2.0
113	2	2.0
114	5	2.0
115	2	2.0
116	6	2.0
117	22	2.0
118	6	2.0
119	12	2.0
120	2	2.0
121	2	2.0
122	1	2.0
123	8	2.0
124	8	2.0
125	2	2.0
126	6	2.0
1	1	2.0
2	3	2.0
3	1	2.0
4	1	2.0
5	1	2.0
6	1	2.0
7	3	2.0
8	4	2.0
9	2	2.0
10	1	2.0
11	2	2.0
12	5	2.0
13	1	2.0
14	3	2.0
15	1	2.0
16	1	2.0
17	1	2.0
18	4	2.0
19	3	2.0
20	2	2.0
21	2	2.0
22	1	2.0
23	1	2.0
24	2	2.0
25	1	2.0
26	2	2.0
27	5	2.0
28	2	2.0
29	3	2.0
30	2	2.0
31	2	2.0
32	11	2.0
33	1	2.0
34	4	2.0
35	1	2.0
36	2	2.0
37	6	2.0
38	2	2.0
39	1	2.0
40	1	2.0
41	1	2.0
42	2	2.0
43	1	2.0
44	6	2.0
45	6	2.0
46	1	2.0
47	4	2.0
48	3	2.0
49	7	2.0
50	1	2.0
51	13	2.0
52	4	2.0
53	5	2.0
54	3	2.0
55	1	2.0
56	2	2.0
57	7	2.0
58	4	2.0
59	1	2.0
60	1	2.0
61	6	2.0
62	14	2.0
63	4	2.0
64	1	2.0
65	1	2.0
66	3	2.0
67	1	2.0
68	1	2.0
69	1	2.0
70	7	2.0
71	1	2.0
72	2	2.0
73	6	2.0
74	1	2.0
75	4	2.0
76	3	2.0
77	3	2.0
78	5	2.0
79	1	2.0
80	1	2.0
81	6	2.0
82	3	2.0
83	3	2.0
84	2	2.0
85	4	2.0
86	1	2.0
87	2	2.0
88	45	2.0
89	2	2.0
90	8	2.0
91	7	2.0
92	1	2.0
93	17	2.0
94	4	2.0
95	13	2.0
96	1	2.0
97	12	2.0
98	4	2.0
99	20	2.0
100	12	2.0
101	5	2.0
102	8	2.0
103	3	2.0
104	3	2.0
105	29	2.0
106	12	2.0
107	15	2.0
108	5	2.0
109	3	2.0
110	3	2.0
111	3	2.0
112	10	2.0
113	6	2.0
114	3	2.0
115	3	2.0
116	1	2.0
117	9	2.0
118	3	2.0
119	7	2.0
120	8	2.0
121	8	2.0
122	12	2.0
123	6	2.0
124	2	2.0
125	4	2.0
126	11	2.0
127	13	2.0
128	9	2.0
129	10	2.0
130	17	2.0
131	2	2.0
132	1	2.0
133	1	2.0
134	12	2.0
135	11	2.0
136	8	2.0
137	3	2.0
138	3	2.0
139	12	2.0
140	1	2.0
141	8	2.0
142	1	2.0
143	11	2.0
144	2	2.0
145	7	2.0
146	7	2.0
147	14	2.0
148	5	2.0
149	3	2.0
150	1	2.0
151	9	2.0
152	10	2.0
153	1	2.0
154	8	2.0
155	7	2.0
156	4	2.0
157	6	2.0
158	3	2.0
159	1	2.0
160	1	2.0
161	9	2.0
162	12	2.0
163	2	2.0
164	12	2.0
165	5	2.0
166	9	2.0
167	2	2.0
168	7	2.0
169	3	2.0
170	6	2.0
171	1	2.0
172	4	2.0
173	4	2.0
174	3	2.0
175	1	2.0
176	3	2.0
177	1	2.0
178	4	2.0
179	1	2.0
180	1	2.0
181	1	2.0
182	1	2.0
183	3	2.0
184	1	2.0
185	2	2.0
186	4	2.0
187	8	2.0
188	14	2.0
189	4	2.0
190	1	2.0
191	1	2.0
192	1	2.0
193	5	2.0
194	1	2.0
195	16	2.0
196	2	2.0
197	13	2.0
198	1	2.0
199	2	2.0
200	1	2.0
201	3	2.0
202	1	2.0
203	7	2.0
204	1	2.0
205	11	2.0
206	1	2.0
207	1	2.0
208	2	2.0
209	4	2.0
210	2	2.0
211	4	2.0
212	6	2.0
213	2	2.0
214	3	2.0
215	10	2.0
216	5	2.0
217	4	2.0
218	1	2.0
219	1	2.0
220	3	2.0
221	1	2.0
222	3	2.0
223	1	2.0
224	1	2.0
225	9	2.0
226	10	2.0
227	5	2.0
228	3	2.0
229	4	2.0
230	1	2.0
231	5	2.0
232	1	2.0
233	3	2.0
234	1	2.0
235	2	2.0
236	4	2.0
237	6	2.0
238	3	2.0
239	9	2.0
240	1	2.0
241	3	2.0
242	1	2.0
243	1	2.0
244	2	2.0
245	1	2.0
246	2	2.0
247	8	2.0
248	2	2.0
249	4	2.0
250	6	2.0
251	1	2.0
252	1	2.0
253	2	2.0
254	3	2.0
255	8	2.0
256	1	2.0
257	2	2.0
258	1	2.0
259	2	2.0
260	1	2.0
261	1	2.0
262	10	2.0
263	1	2.0
264	3	2.0
265	2	2.0
266	2	2.0
267	8	2.0
268	7	2.0
269	1	2.0
270	7	2.0
271	1	2.0
272	3	2.0
273	7	2.0
274	1	2.0
275	2	2.0
276	2	2.0
277	2	2.0
278	3	2.0
279	10	2.0
280	1	2.0
281	4	2.0
282	1	2.0
283	2	2.0
284	12	2.0
285	2	2.0
286	2	2.0
287	1	2.0
288	1	2.0
289	7	2.0
290	3	2.0
291	2	2.0
292	1	2.0
293	1	2.0
294	1	2.0
295	8	2.0
296	7	2.0
297	1	2.0
298	1	2.0
299	5	2.0
300	4	2.0
301	2	2.0
302	4	2.0
303	5	2.0
304	1	2.0
305	1	2.0
306	2	2.0
307	2	2.0
308	6	2.0
309	3	2.0
310	1	2.0
311	3	2.0
312	1	2.0
313	1	2.0
314	1	2.0
315	2	2.0
316	2	2.0
317	1	2.0
318	2	2.0
319	1	2.0
320	2	2.0
321	1	2.0
322	12	2.0
323	6	2.0
324	1	2.0
325	1	2.0
326	5	2.0
327	1	2.0
328	22	2.0
329	4	2.0
330	3	2.0
331	1	2.0
332	8	2.0
333	4	2.0
334	4	2.0
335	4	2.0
336	2	2.0
337	4	2.0
338	2	2.0
339	7	2.0
340	1	2.0
341	5	2.0
342	6	2.0
343	3	2.0
344	8	2.0
345	8	2.0
346	2	2.0
347	2	2.0
348	1	2.0
349	5	2.0
350	1	2.0
351	4	2.0
352	9	2.0
353	3	2.0
354	5	2.0
355	7	2.0
356	3	2.0
357	1	2.0
358	5	2.0
359	1	2.0
360	5	2.0
361	1	2.0
362	2	2.0
363	4	2.0
364	2	2.0
365	1	2.0
366	2	2.0
367	8	2.0
368	4	2.0
369	5	2.0
370	7	2.0
371	3	2.0
372	3	2.0
373	3	2.0
374	4	2.0
375	1	2.0
376	1	2.0
377	4	2.0
378	2	2.0
379	1	2.0
380	2	2.0
381	1	2.0
382	2	2.0
383	5	2.0
384	10	2.0
385	15	2.0
386	1	2.0
387	1	2.0
388	1	2.0
389	1	2.0
390	12	2.0
391	4	2.0
392	5	2.0
393	2	2.0
394	1	2.0
395	1	2.0
396	17	2.0
397	6	2.0
398	2	2.0
399	2	2.0
400	4	2.0
401	1	2.0
402	12	2.0
403	5	2.0
404	7	2.0
405	5	2.0
406	3	2.0
407	5	2.0
408	2	2.0
409	1	2.0
410	2	2.0
411	6	2.0
412	5	2.0
413	1	2.0
414	2	2.0
415	7	2.0
416	1	2.0
417	2	2.0
418	3	2.0
419	1	2.0
420	1	2.0
421	8	2.0
422	6	2.0
423	2	2.0
424	3	2.0
425	6	2.0
426	3	2.0
427	2	2.0
428	7	2.0
429	2	2.0
430	1	2.0
431	3	2.0
432	4	2.0
433	8	2.0
434	2	2.0
435	8	2.0
436	4	2.0
437	1	2.0
438	4	2.0
439	2	2.0
440	2	2.0
441	7	2.0
442	2	2.0
443	11	2.0
444	1	2.0
445	6	2.0
446	2	2.0
447	3	2.0
448	1	2.0
449	6	2.0
450	4	2.0
451	2	2.0
452	5	2.0
453	1	2.0
454	2	2.0
455	19	2.0
456	11	2.0
457	1	2.0
458	1	2.0
459	7	2.0
460	4	2.0
461	6	2.0
462	1	2.0
463	6	2.0
464	3	2.0
465	1	2.0
466	5	2.0
467	1	2.0
468	1	2.0
469	2	2.0
470	3	2.0
471	12	2.0
472	11	2.0
473	2	2.0
474	8	2.0
475	3	2.0
476	6	2.0
477	1	2.0
478	1	2.0
479	5	2.0
480	2	2.0
481	3	2.0
482	1	2.0
483	1	2.0
484	8	2.0
485	7	2.0
486	7	2.0
487	1	2.0
488	11	2.0
489	4	2.0
490	8	2.0
491	4	2.0
492	1	2.0
493	6	2.0
1	6	2.0
2	8	2.0
3	2	2.0
4	1	2.0
5	1	2.0
6	2	2.0
7	1	2.0
8	1	2.0
9	3	2.0
10	4	2.0
11	8	2.0
12	4	2.0
13	1	2.0
14	1	2.0
15	1	2.0
16	1	2.0
17	1	2.0
18	4	2.0
19	2	2.0
20	3	2.0
21	3	2.0
22	2	2.0
23	1	2.0
24	2	2.0
25	1	2.0
26	1	2.0
27	6	2.0
28	7	2.0
29	2	2.0
30	4	2.0
31	1	2.0
32	1	2.0
33	1	2.0
34	2	2.0
35	16	2.0
36	5	2.0
37	5	2.0
38	2	2.0
39	3	2.0
40	3	2.0
41	6	2.0
42	1	2.0
43	8	2.0
44	2	2.0
45	1	2.0
46	2	2.0
47	6	2.0
48	1	2.0
49	1	2.0
50	1	2.0
51	1	2.0
52	5	2.0
53	7	2.0
54	3	2.0
55	4	2.0
56	1	2.0
57	6	2.0
58	5	2.0
59	2	2.0
60	2	2.0
61	3	2.0
62	3	2.0
63	2	2.0
64	2	2.0
65	2	2.0
66	2	2.0
67	5	2.0
68	2	2.0
69	4	2.0
70	1	2.0
71	1	2.0
72	4	2.0
73	3	2.0
74	5	2.0
75	4	2.0
76	1	2.0
77	3	2.0
78	1	2.0
79	5	2.0
80	2	2.0
81	2	2.0
82	1	2.0
83	4	2.0
84	5	2.0
85	4	2.0
86	3	2.0
87	2	2.0
88	2	2.0
89	5	2.0
90	3	2.0
91	1	2.0
92	2	2.0
93	5	2.0
94	5	2.0
95	1	2.0
96	10	2.0
97	6	2.0
98	2	2.0
99	5	2.0
100	7	2.0
101	1	2.0
102	16	2.0
103	1	2.0
104	4	2.0
105	13	2.0
106	3	2.0
107	1	2.0
108	1	2.0
109	4	2.0
110	4	2.0
111	17	2.0
112	9	2.0
113	4	2.0
114	2	2.0
115	2	2.0
116	1	2.0
117	1	2.0
118	7	2.0
119	3	2.0
120	2	2.0
121	25	2.0
122	4	2.0
123	3	2.0
124	2	2.0
125	1	2.0
126	3	2.0
127	1	2.0
128	6	2.0
129	3	2.0
130	17	2.0
131	3	2.0
132	3	2.0
133	22	2.0
134	4	2.0
135	3	2.0
136	1	2.0
137	3	2.0
138	4	2.0
139	1	2.0
140	4	2.0
141	3	2.0
142	12	2.0
143	2	2.0
144	2	2.0
145	15	2.0
146	2	2.0
147	6	2.0
148	15	2.0
149	4	2.0
150	7	2.0
151	9	2.0
152	1	2.0
153	4	2.0
154	4	2.0
155	2	2.0
156	1	2.0
157	3	2.0
158	1	2.0
159	4	2.0
160	3	2.0
161	3	2.0
162	4	2.0
163	4	2.0
164	1	2.0
165	4	2.0
166	28	2.0
167	12	2.0
168	2	2.0
169	2	2.0
170	2	2.0
171	2	2.0
172	2	2.0
173	5	2.0
174	1	2.0
175	7	2.0
176	4	2.0
177	4	2.0
178	3	2.0
179	1	2.0
180	7	2.0
181	10	2.0
182	3	2.0
183	3	2.0
184	8	2.0
185	2	2.0
186	1	2.0
187	1	2.0
188	1	2.0
189	7	2.0
190	1	2.0
191	1	2.0
192	2	2.0
193	1	2.0
194	7	2.0
195	4	2.0
196	10	2.0
197	2	2.0
198	10	2.0
199	3	2.0
200	1	2.0
201	2	2.0
202	1	2.0
203	4	2.0
204	9	2.0
205	3	2.0
206	3	2.0
207	4	2.0
208	2	2.0
209	2	2.0
210	3	2.0
211	2	2.0
212	1	2.0
213	5	2.0
214	2	2.0
215	3	2.0
216	3	2.0
217	3	2.0
218	11	2.0
219	3	2.0
220	1	2.0
221	5	2.0
222	2	2.0
223	9	2.0
224	19	2.0
225	5	2.0
226	2	2.0
227	1	2.0
228	10	2.0
229	7	2.0
230	1	2.0
231	8	2.0
232	1	2.0
233	2	2.0
234	7	2.0
235	5	2.0
236	2	2.0
237	2	2.0
238	6	2.0
239	7	2.0
240	7	2.0
241	4	2.0
242	2	2.0
243	1	2.0
244	3	2.0
245	1	2.0
246	1	2.0
247	3	2.0
248	3	2.0
249	1	2.0
250	10	2.0
251	2	2.0
252	7	2.0
253	2	2.0
254	1	2.0
255	1	2.0
256	1	2.0
257	2	2.0
258	1	2.0
259	3	2.0
260	9	2.0
261	4	2.0
262	2	2.0
263	12	2.0
264	4	2.0
265	1	2.0
266	2	2.0
267	2	2.0
268	2	2.0
269	1	2.0
270	1	2.0
271	10	2.0
272	3	2.0
273	1	2.0
274	2	2.0
275	2	2.0
276	1	2.0
277	5	2.0
278	3	2.0
279	2	2.0
280	5	2.0
281	4	2.0
282	9	2.0
283	7	2.0
284	1	2.0
285	5	2.0
286	11	2.0
287	1	2.0
288	6	2.0
289	8	2.0
290	2	2.0
291	5	2.0
292	1	2.0
293	3	2.0
294	2	2.0
295	15	2.0
296	6	2.0
297	16	2.0
298	3	2.0
299	2	2.0
300	3	2.0
301	3	2.0
302	1	2.0
303	3	2.0
304	6	2.0
305	4	2.0
306	9	2.0
307	2	2.0
308	6	2.0
309	2	2.0
310	2	2.0
311	1	2.0
312	10	2.0
313	1	2.0
314	3	2.0
315	2	2.0
316	3	2.0
317	1	2.0
318	1	2.0
319	7	2.0
320	2	2.0
321	24	2.0
322	3	2.0
323	3	2.0
324	1	2.0
325	1	2.0
326	9	2.0
327	2	2.0
328	7	2.0
329	1	2.0
330	5	2.0
331	2	2.0
332	1	2.0
333	2	2.0
334	1	2.0
335	2	2.0
336	6	2.0
337	4	2.0
338	4	2.0
339	1	2.0
340	4	2.0
341	3	2.0
342	2	2.0
343	3	2.0
344	1	2.0
345	1	2.0
346	8	2.0
347	1	2.0
348	1	2.0
349	3	2.0
350	5	2.0
351	2	2.0
352	7	2.0
353	3	2.0
354	4	2.0
355	2	2.0
356	8	2.0
357	3	2.0
358	8	2.0
359	1	2.0
360	3	2.0
361	4	2.0
362	9	2.0
363	1	2.0
364	3	2.0
365	7	2.0
366	5	2.0
367	1	2.0
368	2	2.0
369	1	2.0
370	1	2.0
371	1	2.0
372	2	2.0
373	2	2.0
374	2	2.0
375	1	2.0
376	1	2.0
377	1	2.0
378	10	2.0
379	1	2.0
380	1	2.0
381	2	2.0
382	2	2.0
383	1	2.0
384	1	2.0
385	4	2.0
386	3	2.0
387	2	2.0
388	3	2.0
389	2	2.0
390	9	2.0
391	1	2.0
392	4	2.0
393	1	2.0
394	2	2.0
395	1	2.0
396	1	2.0
397	1	2.0
398	1	2.0
399	4	2.0
400	1	2.0
401	6	2.0
402	7	2.0
403	3	2.0
404	3	2.0
405	5	2.0
406	2	2.0
407	9	2.0
408	12	2.0
409	3	2.0
410	4	2.0
411	3	2.0
412	4	2.0
413	1	2.0
414	13	2.0
415	7	2.0
416	1	2.0
417	1	2.0
418	2	2.0
419	2	2.0
420	3	2.0
421	3	2.0
422	1	2.0
423	2	2.0
424	1	2.0
425	7	2.0
426	2	2.0
427	6	2.0
428	2	2.0
429	4	2.0
430	3	2.0
431	2	2.0
432	7	2.0
433	8	2.0
434	1	2.0
435	3	2.0
436	1	2.0
437	2	2.0
438	3	2.0
439	1	2.0
440	1	2.0
441	7	2.0
442	3	2.0
443	4	2.0
444	11	2.0
445	3	2.0
446	1	2.0
447	1	2.0
448	3	2.0
449	3	2.0
450	1	2.0
451	7	2.0
452	8	2.0
453	18	2.0
454	10	2.0
455	1	2.0
456	4	2.0
457	2	2.0
458	25	2.0
459	5	2.0
460	3	2.0
461	3	2.0
462	2	2.0
463	8	2.0
464	6	2.0
465	4	2.0
466	5	2.0
467	6	2.0
468	11	2.0
469	1	2.0
470	4	2.0
471	2	2.0
472	1	2.0
473	4	2.0
474	4	2.0
475	2	2.0
476	1	2.0
477	4	2.0
478	9	2.0
479	1	2.0
480	3	2.0
481	4	2.0
482	4	2.0
483	1	2.0
484	2	2.0
485	5	2.0
486	3	2.0
487	6	2.0
488	5	2.0
489	1	2.0
490	1	2.0
491	2	2.0
492	7	2.0
493	9	2.0
494	3	2.0
495	1	2.0
496	2	2.0
497	2	2.0
498	8	2.0
499	1	2.0
500	3	2.0
501	2	2.0
502	4	2.0
503	2	2.0
504	7	2.0
505	16	2.0
506	1	2.0
507	5	2.0
508	12	2.0
509	1	2.0
510	5	2.0
511	1	2.0
512	2	2.0
513	1	2.0
514	9	2.0
515	3	2.0
516	10	2.0
517	3	2.0
518	1	2.0
519	21	2.0
520	8	2.0
521	7	2.0
522	3	2.0
523	2	2.0
524	6	2.0
525	4	2.0
526	1	2.0
527	4	2.0
528	1	2.0
529	5	2.0
530	2	2.0
531	1	2.0
532	4	2.0
533	5	2.0
534	1	2.0
535	1	2.0
536	2	2.0
537	12	2.0
538	4	2.0
539	2	2.0
540	3	2.0
541	3	2.0
542	8	2.0
543	4	2.0
544	1	2.0
545	2	2.0
546	7	2.0
547	2	2.0
548	2	2.0
1	1	2.0
2	1	2.0
3	2	2.0
4	3	2.0
5	2	2.0
6	1	2.0
7	1	2.0
8	3	2.0
9	3	2.0
10	3	2.0
11	1	2.0
12	1	2.0
13	1	2.0
14	1	2.0
15	2	2.0
16	1	2.0
17	4	2.0
18	1	2.0
19	1	2.0
20	2	2.0
21	2	2.0
22	2	2.0
23	1	2.0
24	3	2.0
25	1	2.0
26	1	2.0
27	3	2.0
28	8	2.0
29	3	2.0
30	1	2.0
31	7	2.0
32	1	2.0
33	1	2.0
34	3	2.0
35	1	2.0
36	1	2.0
37	2	2.0
38	10	2.0
39	3	2.0
40	5	2.0
41	1	2.0
42	4	2.0
43	2	2.0
44	7	2.0
45	2	2.0
46	1	2.0
47	1	2.0
48	1	2.0
49	1	2.0
50	1	2.0
51	1	2.0
52	2	2.0
53	1	2.0
54	1	2.0
55	1	2.0
56	1	2.0
57	4	2.0
58	27	2.0
59	2	2.0
60	1	2.0
61	2	2.0
62	4	2.0
63	10	2.0
64	3	2.0
65	5	2.0
66	1	2.0
67	2	2.0
68	2	2.0
69	2	2.0
70	9	2.0
71	2	2.0
72	5	2.0
73	2	2.0
74	1	2.0
75	3	2.0
76	1	2.0
77	4	2.0
78	3	2.0
79	2	2.0
80	2	2.0
81	3	2.0
82	4	2.0
83	1	2.0
84	4	2.0
85	15	2.0
86	1	2.0
87	3	2.0
88	7	2.0
89	7	2.0
90	1	2.0
91	1	2.0
92	2	2.0
93	5	2.0
94	3	2.0
95	4	2.0
96	5	2.0
97	3	2.0
98	1	2.0
99	5	2.0
100	10	2.0
101	2	2.0
102	8	2.0
103	2	2.0
104	7	2.0
105	1	2.0
106	1	2.0
107	11	2.0
108	5	2.0
109	3	2.0
110	1	2.0
111	1	2.0
112	5	2.0
113	1	2.0
114	3	2.0
115	2	2.0
116	2	2.0
117	3	2.0
118	11	2.0
119	7	2.0
120	4	2.0
121	16	2.0
122	1	2.0
123	3	2.0
124	2	2.0
125	2	2.0
126	7	2.0
127	5	2.0
128	1	2.0
129	3	2.0
1	1	2.0
2	1	2.0
3	1	2.0
4	4	2.0
5	3	2.0
6	1	2.0
7	1	2.0
8	1	2.0
9	1	2.0
10	2	2.0
11	1	2.0
12	1	2.0
13	4	2.0
14	1	2.0
15	1	2.0
16	3	2.0
17	1	2.0
18	2	2.0
19	4	2.0
20	1	2.0
21	1	2.0
22	1	2.0
23	4	2.0
24	2	2.0
25	1	2.0
26	3	2.0
27	1	2.0
28	1	2.0
29	1	2.0
30	2	2.0
31	2	2.0
32	6	2.0
33	4	2.0
34	2	2.0
35	1	2.0
36	2	2.0
37	4	2.0
38	1	2.0
39	5	2.0
40	2	2.0
41	3	2.0
42	6	2.0
43	4	2.0
44	1	2.0
45	4	2.0
46	1	2.0
47	1	2.0
48	1	2.0
49	1	2.0
50	2	2.0
51	1	2.0
52	1	2.0
53	1	2.0
54	2	2.0
55	2	2.0
56	2	2.0
57	1	2.0
58	4	2.0
59	1	2.0
60	1	2.0
61	1	2.0
62	5	2.0
63	1	2.0
64	1	2.0
65	1	2.0
66	2	2.0
67	4	2.0
68	3	2.0
69	5	2.0
70	1	2.0
71	2	2.0
72	1	2.0
73	2	2.0
74	3	2.0
75	1	2.0
76	1	2.0
77	4	2.0
78	1	2.0
79	1	2.0
80	2	2.0
81	3	2.0
82	1	2.0
83	1	2.0
84	1	2.0
85	2	2.0
86	1	2.0
87	1	2.0
88	2	2.0
89	2	2.0
90	6	2.0
91	2	2.0
92	4	2.0
93	4	2.0
94	1	2.0
95	8	2.0
96	1	2.0
97	1	2.0
98	1	2.0
99	1	2.0
100	1	2.0
101	1	2.0
102	6	2.0
103	4	2.0
104	4	2.0
105	4	2.0
106	4	2.0
107	7	2.0
108	1	2.0
109	2	2.0
110	3	2.0
111	4	2.0
112	10	2.0
113	4	2.0
114	4	2.0
115	3	2.0
116	4	2.0
117	1	2.0
118	4	2.0
119	4	2.0
120	1	2.0
121	2	2.0
122	24	2.0
123	6	2.0
124	2	2.0
125	1	2.0
126	3	2.0
127	9	2.0
128	2	2.0
129	1	2.0
130	5	2.0
131	2	2.0
132	11	2.0
133	4	2.0
134	9	2.0
135	5	2.0
136	1	2.0
137	8	2.0
138	2	2.0
139	2	2.0
140	3	2.0
141	2	2.0
142	8	2.0
143	3	2.0
144	5	2.0
145	2	2.0
146	1	2.0
147	1	2.0
148	2	2.0
149	6	2.0
150	3	2.0
151	4	2.0
152	4	2.0
153	9	2.0
154	9	2.0
155	1	2.0
156	2	2.0
157	3	2.0
158	9	2.0
159	1	2.0
160	2	2.0
161	3	2.0
162	1	2.0
163	2	2.0
164	3	2.0
165	8	2.0
166	4	2.0
167	12	2.0
168	7	2.0
169	2	2.0
170	1	2.0
171	5	2.0
172	3	2.0
173	27	2.0
174	12	2.0
175	7	2.0
176	3	2.0
177	18	2.0
178	2	2.0
179	22	2.0
180	1	2.0
181	4	2.0
182	8	2.0
183	1	2.0
184	5	2.0
185	9	2.0
186	4	2.0
187	5	2.0
188	15	2.0
189	12	2.0
190	11	2.0
191	2	2.0
192	2	2.0
193	4	2.0
194	6	2.0
195	4	2.0
196	12	2.0
197	5	2.0
198	7	2.0
199	1	2.0
200	4	2.0
201	9	2.0
202	1	2.0
203	7	2.0
204	2	2.0
205	5	2.0
206	5	2.0
207	10	2.0
208	31	2.0
209	44	2.0
210	8	2.0
211	8	2.0
212	13	2.0
213	1	2.0
214	2	2.0
215	14	2.0
216	12	2.0
217	7	2.0
218	8	2.0
219	10	2.0
220	1	2.0
221	1	2.0
222	10	2.0
223	8	2.0
224	4	2.0
225	25	2.0
226	10	2.0
227	7	2.0
228	3	2.0
229	38	2.0
230	3	2.0
231	40	2.0
232	13	2.0
233	7	2.0
234	14	2.0
235	7	2.0
236	9	2.0
237	27	2.0
238	28	2.0
239	24	2.0
240	17	2.0
241	1	2.0
242	3	2.0
243	31	2.0
244	25	2.0
245	6	2.0
246	17	2.0
247	12	2.0
248	5	2.0
249	4	2.0
250	4	2.0
251	8	2.0
252	4	2.0
253	3	2.0
254	2	2.0
255	6	2.0
256	2	2.0
257	2	2.0
258	1	2.0
259	4	2.0
260	1	2.0
261	1	2.0
262	2	2.0
263	2	2.0
264	1	2.0
265	1	2.0
266	1	2.0
267	2	2.0
268	1	2.0
269	3	2.0
270	2	2.0
271	3	2.0
272	1	2.0
273	1	2.0
274	1	2.0
275	1	2.0
276	1	2.0
277	1	2.0
278	3	2.0
279	4	2.0
280	4	2.0
281	1	2.0
282	1	2.0
283	8	2.0
284	1	2.0
285	1	2.0
286	1	2.0
287	2	2.0
288	3	2.0
289	17	2.0
290	1	2.0
291	2	2.0
292	1	2.0
293	1	2.0
294	4	2.0
295	3	2.0
296	1	2.0
297	1	2.0
298	3	2.0
299	1	2.0
300	3	2.0
301	5	2.0
302	1	2.0
303	2	2.0
304	3	2.0
305	3	2.0
306	1	2.0
307	21	2.0
308	1	2.0
309	3	2.0
310	1	2.0
311	1	2.0
312	2	2.0
313	10	2.0
314	2	2.0
315	2	2.0
316	2	2.0
317	8	2.0
318	3	2.0
319	1	2.0
320	1	2.0
321	4	2.0
322	1	2.0
323	1	2.0
324	2	2.0
325	1	2.0
326	3	2.0
327	7	2.0
328	2	2.0
329	4	2.0
330	8	2.0
331	3	2.0
332	3	2.0
333	2	2.0
334	1	2.0
335	3	2.0
336	1	2.0
337	1	2.0
338	4	2.0
339	12	2.0
340	5	2.0
341	2	2.0
342	7	2.0
343	5	2.0
344	3	2.0
345	1	2.0
346	3	2.0
347	3	2.0
348	8	2.0
349	8	2.0
350	5	2.0
351	7	2.0
352	8	2.0
353	2	2.0
354	1	2.0
355	5	2.0
356	3	2.0
357	1	2.0
358	1	2.0
359	5	2.0
360	4	2.0
361	5	2.0
362	3	2.0
363	9	2.0
364	7	2.0
365	5	2.0
366	4	2.0
367	2	2.0
368	3	2.0
369	1	2.0
370	2	2.0
371	1	2.0
372	7	2.0
373	1	2.0
374	2	2.0
375	2	2.0
376	1	2.0
377	1	2.0
378	1	2.0
379	7	2.0
380	1	2.0
381	1	2.0
382	1	2.0
383	11	2.0
384	2	2.0
385	2	2.0
386	1	2.0
387	3	2.0
388	3	2.0
389	3	2.0
390	1	2.0
391	2	2.0
392	1	2.0
393	5	2.0
394	2	2.0
395	1	2.0
396	7	2.0
397	4	2.0
398	8	2.0
399	3	2.0
400	1	2.0
401	2	2.0
402	1	2.0
403	6	2.0
404	2	2.0
405	11	2.0
406	3	2.0
407	3	2.0
408	1	2.0
409	4	2.0
410	3	2.0
411	4	2.0
412	1	2.0
413	1	2.0
414	2	2.0
415	1	2.0
416	4	2.0
417	1	2.0
418	1	2.0
419	2	2.0
420	1	2.0
421	5	2.0
422	5	2.0
423	1	2.0
424	5	2.0
425	3	2.0
426	6	2.0
427	5	2.0
428	5	2.0
429	4	2.0
430	4	2.0
431	4	2.0
432	1	2.0
433	10	2.0
434	1	2.0
435	1	2.0
436	2	2.0
437	2	2.0
438	1	2.0
439	2	2.0
440	5	2.0
441	1	2.0
442	1	2.0
443	1	2.0
1	1	2.0
2	1	2.0
3	1	2.0
4	2	2.0
5	2	2.0
6	1	2.0
7	1	2.0
8	3	2.0
9	1	2.0
10	1	2.0
11	1	2.0
12	3	2.0
13	1	2.0
14	1	2.0
15	1	2.0
16	2	2.0
17	2	2.0
18	2	2.0
19	6	2.0
20	1	2.0
21	3	2.0
22	2	2.0
23	4	2.0
24	4	2.0
25	2	2.0
26	3	2.0
27	1	2.0
28	1	2.0
29	2	2.0
30	6	2.0
31	1	2.0
32	5	2.0
33	1	2.0
34	3	2.0
35	2	2.0
36	8	2.0
37	5	2.0
38	1	2.0
39	1	2.0
40	6	2.0
41	9	2.0
42	1	2.0
43	1	2.0
44	5	2.0
45	19	2.0
46	3	2.0
47	1	2.0
48	9	2.0
49	1	2.0
50	5	2.0
51	3	2.0
52	1	2.0
53	5	2.0
54	1	2.0
55	2	2.0
56	16	2.0
57	2	2.0
58	1	2.0
59	1	2.0
60	1	2.0
61	11	2.0
62	2	2.0
63	1	2.0
64	6	2.0
65	1	2.0
66	5	2.0
67	4	2.0
68	5	2.0
69	4	2.0
70	4	2.0
71	2	2.0
72	4	2.0
73	2	2.0
74	2	2.0
75	1	2.0
76	3	2.0
77	8	2.0
78	10	2.0
79	1	2.0
80	1	2.0
81	1	2.0
82	1	2.0
83	5	2.0
84	1	2.0
85	2	2.0
86	2	2.0
87	15	2.0
88	1	2.0
89	3	2.0
90	2	2.0
91	8	2.0
92	2	2.0
93	5	2.0
94	5	2.0
95	3	2.0
96	5	2.0
97	3	2.0
98	1	2.0
99	1	2.0
100	2	2.0
101	5	2.0
102	1	2.0
103	4	2.0
104	5	2.0
105	4	2.0
106	2	2.0
107	3	2.0
108	2	2.0
109	2	2.0
110	1	2.0
111	4	2.0
112	1	2.0
113	1	2.0
114	1	2.0
115	5	2.0
116	4	2.0
117	3	2.0
118	2	2.0
119	1	2.0
120	1	2.0
121	4	2.0
122	2	2.0
123	4	2.0
124	2	2.0
125	1	2.0
126	6	2.0
127	2	2.0
128	9	2.0
129	2	2.0
130	1	2.0
131	2	2.0
132	2	2.0
133	1	2.0
134	2	2.0
135	13	2.0
136	3	2.0
137	8	2.0
138	3	2.0
139	3	2.0
140	2	2.0
141	1	2.0
142	4	2.0
143	1	2.0
144	15	2.0
145	1	2.0
146	2	2.0
147	1	2.0
148	3	2.0
149	6	2.0
150	5	2.0
151	1	2.0
152	2	2.0
153	2	2.0
154	1	2.0
155	5	2.0
156	2	2.0
157	3	2.0
158	1	2.0
159	2	2.0
160	4	2.0
161	2	2.0
162	2	2.0
163	6	2.0
164	2	2.0
165	2	2.0
166	3	2.0
167	1	2.0
168	2	2.0
169	2	2.0
170	2	2.0
171	11	2.0
172	2	2.0
173	3	2.0
174	2	2.0
175	1	2.0
176	4	2.0
177	1	2.0
178	3	2.0
179	4	2.0
180	4	2.0
181	1	2.0
182	6	2.0
183	2	2.0
184	1	2.0
185	1	2.0
186	2	2.0
187	12	2.0
188	12	2.0
189	2	2.0
190	1	2.0
191	4	2.0
192	1	2.0
193	2	2.0
194	7	2.0
195	3	2.0
196	1	2.0
197	4	2.0
198	2	2.0
199	1	2.0
200	1	2.0
201	2	2.0
202	4	2.0
203	2	2.0
204	2	2.0
205	2	2.0
206	1	2.0
207	1	2.0
208	2	2.0
209	2	2.0
210	2	2.0
211	3	2.0
212	8	2.0
213	3	2.0
214	1	2.0
215	1	2.0
216	2	2.0
217	5	2.0
218	3	2.0
219	2	2.0
220	2	2.0
221	1	2.0
222	2	2.0
223	1	2.0
224	3	2.0
225	1	2.0
226	1	2.0
227	6	2.0
228	2	2.0
229	2	2.0
230	9	2.0
231	6	2.0
232	2	2.0
233	3	2.0
234	5	2.0
235	1	2.0
236	3	2.0
237	1	2.0
238	1	2.0
239	1	2.0
240	1	2.0
241	7	2.0
242	7	2.0
243	1	2.0
244	8	2.0
245	1	2.0
246	3	2.0
247	1	2.0
248	1	2.0
249	3	2.0
250	5	2.0
251	5	2.0
252	2	2.0
253	10	2.0
254	4	2.0
255	1	2.0
256	2	2.0
257	1	2.0
258	1	2.0
259	4	2.0
260	1	2.0
261	1	2.0
262	1	2.0
263	1	2.0
264	1	2.0
265	11	2.0
266	3	2.0
267	1	2.0
268	1	2.0
269	13	2.0
270	2	2.0
271	2	2.0
272	3	2.0
273	1	2.0
274	1	2.0
275	1	2.0
276	6	2.0
277	3	2.0
278	1	2.0
279	9	2.0
280	2	2.0
281	2	2.0
282	2	2.0
283	5	2.0
284	1	2.0
285	1	2.0
286	6	2.0
287	2	2.0
288	1	2.0
289	7	2.0
290	1	2.0
291	4	2.0
292	5	2.0
293	1	2.0
294	1	2.0
295	2	2.0
296	5	2.0
297	1	2.0
298	5	2.0
299	4	2.0
300	2	2.0
301	5	2.0
302	5	2.0
303	1	2.0
304	2	2.0
305	2	2.0
306	2	2.0
307	6	2.0
308	5	2.0
309	1	2.0
310	4	2.0
311	1	2.0
312	1	2.0
313	13	2.0
314	4	2.0
315	8	2.0
316	1	2.0
317	1	2.0
318	1	2.0
319	4	2.0
320	1	2.0
321	1	2.0
322	1	2.0
323	3	2.0
324	3	2.0
325	3	2.0
326	3	2.0
327	7	2.0
328	6	2.0
329	1	2.0
330	5	2.0
331	1	2.0
332	1	2.0
333	2	2.0
334	5	2.0
335	7	2.0
336	1	2.0
337	5	2.0
338	13	2.0
339	8	2.0
340	4	2.0
341	2	2.0
342	2	2.0
343	8	2.0
344	4	2.0
345	1	2.0
346	8	2.0
347	6	2.0
348	7	2.0
349	4	2.0
350	9	2.0
351	2	2.0
352	1	2.0
353	4	2.0
354	1	2.0
355	3	2.0
356	1	2.0
357	5	2.0
358	1	2.0
359	3	2.0
360	3	2.0
361	1	2.0
362	9	2.0
363	2	2.0
364	2	2.0
365	5	2.0
366	1	2.0
367	1	2.0
368	2	2.0
369	9	2.0
370	2	2.0
371	11	2.0
372	13	2.0
373	6	2.0
374	5	2.0
375	2	2.0
376	14	2.0
377	24	2.0
378	1	2.0
379	2	2.0
380	4	2.0
381	24	2.0
382	3	2.0
383	1	2.0
384	8	2.0
385	4	2.0
386	2	2.0
387	5	2.0
388	2	2.0
389	16	2.0
390	2	2.0
391	1	2.0
392	1	2.0
393	1	2.0
394	3	2.0
395	2	2.0
396	2	2.0
397	1	2.0
398	1	2.0
399	10	2.0
400	2	2.0
401	6	2.0
402	1	2.0
403	1	2.0
404	3	2.0
405	4	2.0
406	1	2.0
407	1	2.0
408	2	2.0
409	16	2.0
410	3	2.0
411	9	2.0
412	2	2.0
413	4	2.0
414	4	2.0
415	2	2.0
416	2	2.0
417	3	2.0
418	1	2.0
419	2	2.0
420	1	2.0
421	4	2.0
422	9	2.0
423	1	2.0
424	2	2.0
425	10	2.0
426	4	2.0
427	1	2.0
428	1	2.0
429	7	2.0
430	7	2.0
431	1	2.0
432	3	2.0
433	1	2.0
434	5	2.0
435	3	2.0
436	1	2.0
437	4	2.0
438	3	2.0
439	4	2.0
440	3	2.0
441	6	2.0
442	3	2.0
443	1	2.0
444	1	2.0
445	3	2.0
446	2	2.0
447	3	2.0
448	1	2.0
449	4	2.0
450	1	2.0
451	3	2.0
452	2	2.0
453	2	2.0
454	2	2.0
455	2	2.0
456	4	2.0
457	1	2.0
458	5	2.0
459	5	2.0
460	6	2.0
461	1	2.0
462	10	2.0
463	1	2.0
464	1	2.0
465	2	2.0
466	2	2.0
467	10	2.0
468	5	2.0
469	7	2.0
470	7	2.0
471	1	2.0
472	12	2.0
473	3	2.0
474	3	2.0
475	10	2.0
476	3	2.0
477	2	2.0
478	1	2.0
479	2	2.0
480	1	2.0
481	7	2.0
482	10	2.0
483	4	2.0
484	5	2.0
485	6	2.0
486	2	2.0
487	1	2.0
488	4	2.0
489	9	2.0
490	5	2.0
491	2	2.0
492	2	2.0
493	2	2.0
494	2	2.0
495	6	2.0
496	23	2.0
497	2	2.0
498	11	2.0
499	3	2.0
500	1	2.0
501	5	2.0
502	1	2.0
503	1	2.0
504	9	2.0
505	7	2.0
506	2	2.0
507	5	2.0
508	4	2.0
509	3	2.0
510	2	2.0
511	6	2.0
512	3	2.0
513	6	2.0
514	3	2.0
515	1	2.0
516	7	2.0
517	2	2.0
518	2	2.0
519	2	2.0
520	4	2.0
521	4	2.0
522	6	2.0
523	4	2.0
524	2	2.0
525	1	2.0
526	2	2.0
527	1	2.0
528	5	2.0
529	4	2.0
530	1	2.0
531	9	2.0
532	4	2.0
533	5	2.0
534	3	2.0
535	6	2.0
536	2	2.0
537	1	2.0
538	7	2.0
539	5	2.0
540	7	2.0
541	3	2.0
542	8	2.0
543	3	2.0
544	4	2.0
545	1	2.0
546	3	2.0
547	4	2.0
548	11	2.0
549	2	2.0
550	2	2.0
551	22	2.0
552	6	2.0
553	1	2.0
554	4	2.0
555	1	2.0
556	7	2.0
557	13	2.0
558	5	2.0
559	9	2.0
560	25	2.0
561	2	2.0
562	4	2.0
563	1	2.0
564	2	2.0
565	1	2.0
566	6	2.0
567	4	2.0
568	3	2.0
569	1	2.0
570	3	2.0
571	4	2.0
572	2	2.0
573	15	2.0
574	7	2.0
575	11	2.0
576	5	2.0
577	27	2.0
578	2	2.0
579	11	2.0
580	8	2.0
581	11	2.0
582	5	2.0
583	4	2.0
584	9	2.0
585	3	2.0
586	19	2.0
587	17	2.0
588	4	2.0
589	14	2.0
590	9	2.0
591	8	2.0
592	26	2.0
593	3	2.0
594	6	2.0
595	3	2.0
596	2	2.0
597	7	2.0
598	2	2.0
599	4	2.0
600	3	2.0
601	7	2.0
602	7	2.0
603	17	2.0
604	6	2.0
605	17	2.0
606	6	2.0
607	9	2.0
608	13	2.0
609	2	2.0
610	12	2.0
611	1	2.0
612	8	2.0
613	6	2.0
614	4	2.0
615	11	2.0
616	2	2.0
617	14	2.0
618	7	2.0
619	1	2.0
620	15	2.0
621	14	2.0
622	3	2.0
623	12	2.0
624	6	2.0
625	5	2.0
626	1	2.0
627	7	2.0
628	2	2.0
629	1	2.0
630	5	2.0
631	4	2.0
632	5	2.0
633	12	2.0
634	1	2.0
635	2	2.0
636	3	2.0
637	5	2.0
638	8	2.0
639	4	2.0
640	1	2.0
641	2	2.0
642	2	2.0
643	4	2.0
644	2	2.0
645	4	2.0
646	5	2.0
647	1	2.0
648	1	2.0
649	4	2.0
650	3	2.0
651	2	2.0
652	2	2.0
653	4	2.0
654	6	2.0
655	8	2.0
656	5	2.0
657	4	2.0
658	1	2.0
659	4	2.0
660	3	2.0
661	4	2.0
662	2	2.0
663	12	2.0
664	2	2.0
665	2	2.0
666	2	2.0
667	1	2.0
668	2	2.0
669	1	2.0
670	1	2.0
671	1	2.0
672	1	2.0
673	1	2.0
674	1	2.0
675	2	2.0
676	3	2.0
677	4	2.0
678	6	2.0
679	2	2.0
680	2	2.0
681	4	2.0
682	1	2.0
683	3	2.0
684	5	2.0
685	6	2.0
686	2	2.0
687	6	2.0
688	1	2.0
689	4	2.0
690	1	2.0
691	1	2.0
692	5	2.0
693	18	2.0
694	2	2.0
695	2	2.0
696	1	2.0
697	1	2.0
698	3	2.0
699	4	2.0
700	2	2.0
701	2	2.0
702	1	2.0
703	4	2.0
704	4	2.0
705	3	2.0
706	2	2.0
707	2	2.0
708	1	2.0
709	5	2.0
710	1	2.0
711	1	2.0
712	4	2.0
713	1	2.0
714	5	2.0
715	4	2.0
716	3	2.0
717	1	2.0
718	8	2.0
719	5	2.0
720	5	2.0
721	4	2.0
722	1	2.0
723	1	2.0
724	3	2.0
725	1	2.0
726	2	2.0
727	1	2.0
728	1	2.0
729	9	2.0
730	1	2.0
731	4	2.0
732	1	2.0
733	1	2.0
734	1	2.0
735	7	2.0
736	2	2.0
737	6	2.0
738	10	2.0
739	4	2.0
740	3	2.0
741	2	2.0
742	7	2.0
743	7	2.0
744	4	2.0
745	2	2.0
746	1	2.0
747	5	2.0
748	2	2.0
749	5	2.0
750	2	2.0
751	10	2.0
752	6	2.0
753	1	2.0
754	1	2.0
755	18	2.0
756	8	2.0
757	4	2.0
758	3	2.0
759	11	2.0
760	2	2.0
761	1	2.0
1	2	2.0
2	1	2.0
3	4	2.0
4	1	2.0
5	2	2.0
6	1	2.0
7	1	2.0
8	2	2.0
9	5	2.0
10	1	2.0
11	1	2.0
12	1	2.0
13	3	2.0
14	1	2.0
15	2	2.0
16	5	2.0
17	2	2.0
18	2	2.0
19	2	2.0
20	3	2.0
21	1	2.0
22	1	2.0
23	5	2.0
24	1	2.0
25	1	2.0
26	5	2.0
27	9	2.0
28	7	2.0
29	4	2.0
30	3	2.0
31	1	2.0
32	1	2.0
33	1	2.0
34	8	2.0
35	14	2.0
36	4	2.0
37	1	2.0
38	1	2.0
39	12	2.0
40	3	2.0
41	3	2.0
42	2	2.0
43	1	2.0
44	3	2.0
45	1	2.0
46	3	2.0
47	8	2.0
48	1	2.0
49	1	2.0
50	1	2.0
51	17	2.0
52	6	2.0
53	3	2.0
54	7	2.0
55	1	2.0
56	1	2.0
57	1	2.0
58	1	2.0
59	1	2.0
60	11	2.0
61	2	2.0
62	1	2.0
63	2	2.0
64	2	2.0
65	4	2.0
66	8	2.0
67	2	2.0
68	3	2.0
69	4	2.0
70	1	2.0
71	1	2.0
72	3	2.0
73	6	2.0
74	4	2.0
75	7	2.0
76	26	2.0
77	3	2.0
78	13	2.0
79	2	2.0
80	3	2.0
81	7	2.0
82	53	2.0
83	18	2.0
84	11	2.0
85	3	2.0
86	1	2.0
87	1	2.0
88	1	2.0
89	5	2.0
90	9	2.0
91	8	2.0
92	7	2.0
93	1	2.0
94	5	2.0
95	8	2.0
96	15	2.0
97	3	2.0
98	2	2.0
99	18	2.0
100	1	2.0
101	3	2.0
102	2	2.0
103	15	2.0
104	2	2.0
105	1	2.0
106	13	2.0
107	8	2.0
108	6	2.0
109	5	2.0
110	23	2.0
111	4	2.0
112	1	2.0
113	5	2.0
114	11	2.0
115	1	2.0
116	1	2.0
117	16	2.0
118	1	2.0
119	4	2.0
120	10	2.0
121	5	2.0
122	2	2.0
123	4	2.0
124	3	2.0
125	7	2.0
126	10	2.0
127	6	2.0
128	2	2.0
129	3	2.0
130	1	2.0
131	1	2.0
132	1	2.0
133	3	2.0
134	6	2.0
135	3	2.0
136	2	2.0
137	1	2.0
138	1	2.0
139	3	2.0
140	5	2.0
141	4	2.0
142	3	2.0
143	6	2.0
144	3	2.0
145	6	2.0
146	1	2.0
147	2	2.0
148	15	2.0
149	8	2.0
150	1	2.0
151	2	2.0
152	1	2.0
153	3	2.0
154	2	2.0
155	2	2.0
156	3	2.0
157	4	2.0
158	3	2.0
159	4	2.0
160	2	2.0
161	2	2.0
162	6	2.0
163	22	2.0
164	3	2.0
165	5	2.0
166	1	2.0
167	1	2.0
168	4	2.0
169	4	2.0
170	3	2.0
171	2	2.0
172	3	2.0
173	7	2.0
174	2	2.0
175	2	2.0
176	3	2.0
177	5	2.0
178	1	2.0
179	3	2.0
180	2	2.0
181	3	2.0
182	1	2.0
183	1	2.0
184	2	2.0
185	4	2.0
186	2	2.0
187	1	2.0
188	2	2.0
189	3	2.0
190	2	2.0
191	4	2.0
192	1	2.0
193	4	2.0
194	5	2.0
195	1	2.0
196	1	2.0
197	1	2.0
198	1	2.0
199	1	2.0
200	2	2.0
201	3	2.0
202	1	2.0
203	2	2.0
204	4	2.0
205	4	2.0
206	1	2.0
207	4	2.0
208	1	2.0
209	5	2.0
210	2	2.0
211	8	2.0
212	6	2.0
213	1	2.0
214	1	2.0
215	3	2.0
216	2	2.0
217	4	2.0
218	6	2.0
219	6	2.0
220	2	2.0
221	1	2.0
222	2	2.0
223	3	2.0
224	5	2.0
225	1	2.0
226	2	2.0
227	39	2.0
228	5	2.0
229	8	2.0
230	5	2.0
231	4	2.0
232	2	2.0
233	3	2.0
234	21	2.0
235	1	2.0
236	1	2.0
237	2	2.0
238	3	2.0
239	4	2.0
240	5	2.0
241	7	2.0
242	2	2.0
243	4	2.0
244	1	2.0
245	5	2.0
246	9	2.0
247	3	2.0
248	9	2.0
249	3	2.0
250	6	2.0
251	8	2.0
252	1	2.0
253	4	2.0
254	1	2.0
255	6	2.0
256	1	2.0
257	2	2.0
258	4	2.0
259	4	2.0
260	3	2.0
261	1	2.0
262	9	2.0
263	2	2.0
264	1	2.0
265	7	2.0
266	4	2.0
267	6	2.0
268	3	2.0
269	3	2.0
270	3	2.0
271	3	2.0
272	3	2.0
273	1	2.0
274	2	2.0
275	1	2.0
276	1	2.0
277	4	2.0
278	1	2.0
279	2	2.0
280	1	2.0
281	3	2.0
282	1	2.0
283	1	2.0
284	8	2.0
285	4	2.0
286	1	2.0
287	2	2.0
288	1	2.0
289	4	2.0
290	2	2.0
291	1	2.0
292	1	2.0
293	1	2.0
294	6	2.0
295	2	2.0
296	1	2.0
297	5	2.0
298	1	2.0
299	14	2.0
300	5	2.0
301	2	2.0
302	2	2.0
303	3	2.0
304	2	2.0
305	2	2.0
306	6	2.0
307	3	2.0
308	6	2.0
309	8	2.0
310	5	2.0
311	4	2.0
312	7	2.0
313	1	2.0
314	9	2.0
315	4	2.0
316	1	2.0
317	11	2.0
318	4	2.0
319	4	2.0
320	13	2.0
321	2	2.0
322	1	2.0
323	6	2.0
324	3	2.0
325	2	2.0
326	2	2.0
327	3	2.0
328	8	2.0
329	7	2.0
330	8	2.0
331	2	2.0
332	6	2.0
333	3	2.0
334	6	2.0
335	3	2.0
336	9	2.0
337	6	2.0
338	14	2.0
339	2	2.0
340	1	2.0
341	2	2.0
342	19	2.0
343	12	2.0
344	3	2.0
345	29	2.0
346	10	2.0
347	1	2.0
348	7	2.0
349	6	2.0
350	2	2.0
351	24	2.0
352	2	2.0
353	2	2.0
354	2	2.0
355	8	2.0
356	4	2.0
357	7	2.0
358	10	2.0
359	5	2.0
360	16	2.0
361	10	2.0
362	8	2.0
363	1	2.0
364	7	2.0
365	4	2.0
366	1	2.0
367	4	2.0
368	3	2.0
369	7	2.0
370	22	2.0
371	6	2.0
372	4	2.0
373	10	2.0
374	5	2.0
375	1	2.0
376	12	2.0
377	2	2.0
378	4	2.0
379	7	2.0
380	3	2.0
381	4	2.0
1	1	2.0
2	1	2.0
3	2	2.0
4	1	2.0
5	1	2.0
6	1	2.0
7	2	2.0
8	1	2.0
9	1	2.0
10	1	2.0
11	2	2.0
12	3	2.0
13	1	2.0
14	2	2.0
15	1	2.0
16	5	2.0
17	2	2.0
18	2	2.0
19	1	2.0
20	1	2.0
21	1	2.0
22	1	2.0
23	1	2.0
24	2	2.0
25	1	2.0
26	2	2.0
27	5	2.0
28	1	2.0
29	4	2.0
30	2	2.0
31	1	2.0
32	3	2.0
33	1	2.0
34	5	2.0
35	1	2.0
36	7	2.0
37	3	2.0
38	11	2.0
39	1	2.0
40	5	2.0
41	1	2.0
42	1	2.0
43	4	2.0
44	2	2.0
45	32	2.0
46	1	2.0
47	2	2.0
48	8	2.0
49	6	2.0
50	5	2.0
51	7	2.0
52	16	2.0
53	31	2.0
54	4	2.0
55	1	2.0
56	31	2.0
57	13	2.0
58	11	2.0
59	6	2.0
60	15	2.0
61	2	2.0
62	5	2.0
63	4	2.0
64	9	2.0
65	3	2.0
66	1	2.0
67	6	2.0
68	1	2.0
69	18	2.0
70	7	2.0
71	1	2.0
72	8	2.0
73	3	2.0
74	9	2.0
75	7	2.0
76	1	2.0
77	6	2.0
78	17	2.0
79	8	2.0
80	3	2.0
81	5	2.0
82	2	2.0
83	6	2.0
84	2	2.0
85	4	2.0
86	17	2.0
87	7	2.0
88	5	2.0
89	1	2.0
90	2	2.0
91	1	2.0
92	11	2.0
93	6	2.0
94	15	2.0
95	2	2.0
96	4	2.0
97	5	2.0
98	20	2.0
99	2	2.0
100	2	2.0
101	14	2.0
102	1	2.0
103	2	2.0
104	3	2.0
105	1	2.0
106	6	2.0
107	2	2.0
108	1	2.0
109	4	2.0
110	7	2.0
111	11	2.0
112	3	2.0
113	2	2.0
114	1	2.0
115	6	2.0
116	2	2.0
117	1	2.0
118	2	2.0
119	3	2.0
120	2	2.0
121	7	2.0
122	1	2.0
123	4	2.0
124	10	2.0
125	3	2.0
126	1	2.0
127	11	2.0
128	1	2.0
129	3	2.0
130	1	2.0
131	1	2.0
132	5	2.0
133	1	2.0
134	1	2.0
135	7	2.0
136	2	2.0
137	3	2.0
138	1	2.0
139	22	2.0
140	2	2.0
141	1	2.0
142	5	2.0
143	8	2.0
144	13	2.0
145	8	2.0
146	1	2.0
147	6	2.0
148	2	2.0
149	7	2.0
150	5	2.0
151	26	2.0
152	1	2.0
153	2	2.0
154	1	2.0
155	7	2.0
156	5	2.0
157	5	2.0
158	2	2.0
159	1	2.0
160	3	2.0
161	2	2.0
162	6	2.0
163	6	2.0
164	1	2.0
165	2	2.0
166	1	2.0
167	7	2.0
168	8	2.0
169	3	2.0
170	3	2.0
171	2	2.0
172	1	2.0
1	1	2.0
2	1	2.0
3	4	2.0
4	1	2.0
5	1	2.0
6	1	2.0
7	1	2.0
8	2	2.0
9	1	2.0
10	1	2.0
11	2	2.0
12	5	2.0
13	5	2.0
14	3	2.0
15	3	2.0
16	2	2.0
17	3	2.0
18	1	2.0
19	2	2.0
20	1	2.0
21	2	2.0
22	1	2.0
23	1	2.0
24	1	2.0
25	1	2.0
26	2	2.0
27	3	2.0
28	1	2.0
29	11	2.0
30	2	2.0
31	1	2.0
32	1	2.0
33	10	2.0
34	6	2.0
35	1	2.0
36	2	2.0
37	2	2.0
38	3	2.0
39	1	2.0
40	1	2.0
41	1	2.0
42	4	2.0
43	2	2.0
44	1	2.0
45	10	2.0
46	3	2.0
47	2	2.0
48	3	2.0
49	6	2.0
50	2	2.0
51	2	2.0
52	3	2.0
53	2	2.0
54	1	2.0
55	7	2.0
56	1	2.0
57	2	2.0
58	2	2.0
59	7	2.0
60	3	2.0
61	2	2.0
62	9	2.0
63	5	2.0
64	3	2.0
65	2	2.0
66	3	2.0
67	2	2.0
68	1	2.0
69	3	2.0
70	4	2.0
71	4	2.0
72	13	2.0
73	5	2.0
74	3	2.0
75	3	2.0
76	1	2.0
77	9	2.0
78	3	2.0
79	1	2.0
80	3	2.0
81	1	2.0
82	8	2.0
83	4	2.0
84	12	2.0
85	6	2.0
86	7	2.0
87	4	2.0
88	1	2.0
89	2	2.0
90	2	2.0
91	3	2.0
92	1	2.0
93	4	2.0
94	1	2.0
95	6	2.0
96	1	2.0
97	1	2.0
98	6	2.0
99	10	2.0
100	4	2.0
101	7	2.0
102	3	2.0
103	1	2.0
104	3	2.0
105	3	2.0
106	1	2.0
107	4	2.0
108	5	2.0
109	2	2.0
110	4	2.0
111	8	2.0
112	1	2.0
113	1	2.0
114	1	2.0
115	1	2.0
116	2	2.0
117	2	2.0
118	4	2.0
119	1	2.0
120	16	2.0
121	3	2.0
122	2	2.0
123	24	2.0
124	2	2.0
125	1	2.0
126	1	2.0
127	4	2.0
128	4	2.0
129	7	2.0
130	1	2.0
131	2	2.0
132	4	2.0
133	4	2.0
134	2	2.0
135	1	2.0
136	8	2.0
137	5	2.0
138	3	2.0
139	10	2.0
140	2	2.0
141	1	2.0
142	3	2.0
143	2	2.0
144	1	2.0
145	14	2.0
146	1	2.0
147	3	2.0
148	9	2.0
149	1	2.0
150	1	2.0
151	3	2.0
152	5	2.0
153	8	2.0
154	1	2.0
155	10	2.0
156	1	2.0
157	11	2.0
158	8	2.0
159	2	2.0
160	1	2.0
161	2	2.0
162	3	2.0
163	1	2.0
164	5	2.0
165	1	2.0
166	2	2.0
167	1	2.0
168	6	2.0
169	11	2.0
170	4	2.0
171	1	2.0
172	6	2.0
173	1	2.0
174	1	2.0
175	2	2.0
176	1	2.0
177	1	2.0
178	1	2.0
179	7	2.0
180	3	2.0
181	1	2.0
182	1	2.0
183	5	2.0
184	1	2.0
185	1	2.0
186	7	2.0
187	6	2.0
188	3	2.0
189	2	2.0
190	1	2.0
191	2	2.0
192	5	2.0
193	1	2.0
194	3	2.0
195	2	2.0
196	2	2.0
197	3	2.0
198	1	2.0
199	2	2.0
200	1	2.0
201	16	2.0
202	1	2.0
203	6	2.0
204	11	2.0
205	2	2.0
206	10	2.0
207	1	2.0
208	3	2.0
209	1	2.0
210	3	2.0
211	2	2.0
212	2	2.0
213	1	2.0
214	5	2.0
215	1	2.0
216	1	2.0
217	1	2.0
218	2	2.0
219	3	2.0
220	1	2.0
221	3	2.0
222	1	2.0
223	1	2.0
224	1	2.0
225	8	2.0
226	3	2.0
227	4	2.0
228	1	2.0
229	6	2.0
230	6	2.0
231	3	2.0
232	4	2.0
233	3	2.0
234	2	2.0
235	4	2.0
236	2	2.0
237	2	2.0
238	9	2.0
239	2	2.0
240	7	2.0
241	3	2.0
242	7	2.0
243	4	2.0
244	2	2.0
245	3	2.0
246	1	2.0
247	4	2.0
248	1	2.0
249	3	2.0
250	5	2.0
251	1	2.0
252	7	2.0
253	8	2.0
254	3	2.0
255	7	2.0
256	4	2.0
257	9	2.0
258	1	2.0
259	6	2.0
260	6	2.0
261	1	2.0
262	2	2.0
263	5	2.0
264	8	2.0
265	2	2.0
266	2	2.0
267	7	2.0
268	5	2.0
269	4	2.0
270	2	2.0
271	1	2.0
272	4	2.0
273	3	2.0
274	3	2.0
275	1	2.0
276	10	2.0
277	9	2.0
278	1	2.0
279	1	2.0
280	4	2.0
281	8	2.0
282	7	2.0
283	6	2.0
284	5	2.0
285	5	2.0
286	2	2.0
287	12	2.0
288	10	2.0
289	7	2.0
290	7	2.0
291	1	2.0
292	7	2.0
293	10	2.0
294	4	2.0
295	3	2.0
296	1	2.0
297	2	2.0
298	4	2.0
299	3	2.0
300	2	2.0
301	1	2.0
302	2	2.0
303	3	2.0
304	1	2.0
305	5	2.0
306	10	2.0
307	6	2.0
308	2	2.0
309	1	2.0
310	4	2.0
311	2	2.0
312	2	2.0
313	1	2.0
314	1	2.0
315	3	2.0
316	1	2.0
317	1	2.0
318	5	2.0
319	1	2.0
320	5	2.0
321	8	2.0
322	4	2.0
323	5	2.0
324	10	2.0
325	2	2.0
326	5	2.0
327	4	2.0
328	6	2.0
329	3	2.0
330	1	2.0
331	1	2.0
332	22	2.0
333	2	2.0
334	7	2.0
335	4	2.0
336	7	2.0
337	9	2.0
338	1	2.0
339	2	2.0
340	6	2.0
341	2	2.0
342	4	2.0
343	13	2.0
344	1	2.0
345	2	2.0
346	1	2.0
347	2	2.0
348	4	2.0
349	1	2.0
350	1	2.0
351	8	2.0
352	1	2.0
353	5	2.0
354	2	2.0
355	2	2.0
356	1	2.0
357	3	2.0
358	1	2.0
359	7	2.0
360	1	2.0
361	28	2.0
362	2	2.0
363	2	2.0
364	3	2.0
365	2	2.0
366	7	2.0
367	2	2.0
368	2	2.0
369	2	2.0
370	4	2.0
371	7	2.0
372	2	2.0
373	5	2.0
374	6	2.0
375	11	2.0
376	6	2.0
377	2	2.0
378	8	2.0
379	5	2.0
380	8	2.0
381	1	2.0
382	10	2.0
383	4	2.0
384	3	2.0
385	11	2.0
386	3	2.0
387	2	2.0
388	7	2.0
389	3	2.0
390	9	2.0
391	2	2.0
392	4	2.0
393	3	2.0
394	1	2.0
395	3	2.0
396	1	2.0
397	4	2.0
398	1	2.0
399	3	2.0
400	1	2.0
401	2	2.0
402	4	2.0
403	10	2.0
404	2	2.0
405	4	2.0
406	3	2.0
407	1	2.0
408	1	2.0
409	1	2.0
410	7	2.0
411	6	2.0
412	3	2.0
413	1	2.0
414	1	2.0
415	5	2.0
416	2	2.0
417	4	2.0
418	1	2.0
419	4	2.0
420	5	2.0
421	6	2.0
422	1	2.0
423	13	2.0
424	1	2.0
425	3	2.0
426	2	2.0
427	3	2.0
428	6	2.0
429	2	2.0
430	1	2.0
431	1	2.0
432	19	2.0
433	3	2.0
434	1	2.0
435	3	2.0
436	8	2.0
437	2	2.0
438	5	2.0
439	12	2.0
440	5	2.0
441	1	2.0
442	7	2.0
443	2	2.0
444	5	2.0
445	2	2.0
446	7	2.0
447	3	2.0
448	1	2.0
449	7	2.0
450	6	2.0
451	2	2.0
452	7	2.0
453	15	2.0
454	12	2.0
455	1	2.0
456	3	2.0
457	6	2.0
458	14	2.0
459	12	2.0
460	3	2.0
461	2	2.0
462	9	2.0
463	6	2.0
464	4	2.0
465	2	2.0
466	11	2.0
467	1	2.0
468	1	2.0
469	6	2.0
470	1	2.0
471	1	2.0
472	1	2.0
473	3	2.0
474	7	2.0
475	19	2.0
476	5	2.0
477	2	2.0
478	3	2.0
479	1	2.0
480	2	2.0
481	4	2.0
482	5	2.0
483	1	2.0
484	13	2.0
485	2	2.0
486	1	2.0
487	3	2.0
488	2	2.0
489	3	2.0
490	5	2.0
491	7	2.0
492	1	2.0
493	2	2.0
494	4	2.0
495	1	2.0
496	3	2.0
497	2	2.0
498	6	2.0
499	1	2.0
500	1	2.0
501	3	2.0
502	1	2.0
503	1	2.0
504	1	2.0
505	2	2.0
506	1	2.0
507	2	2.0
508	5	2.0
509	1	2.0
510	2	2.0
511	5	2.0
512	7	2.0
513	2	2.0
514	1	2.0
515	6	2.0
516	1	2.0
517	1	2.0
518	1	2.0
519	5	2.0
520	1	2.0
521	5	2.0
522	1	2.0
523	1	2.0
524	4	2.0
525	2	2.0
526	1	2.0
527	6	2.0
528	4	2.0
529	1	2.0
530	1	2.0
531	1	2.0
532	2	2.0
533	2	2.0
534	5	2.0
535	8	2.0
536	1	2.0
537	3	2.0
538	1	2.0
539	3	2.0
540	3	2.0
541	1	2.0
542	5	2.0
543	3	2.0
544	4	2.0
545	4	2.0
546	10	2.0
547	28	2.0
548	5	2.0
549	1	2.0
550	6	2.0
551	1	2.0
552	1	2.0
553	1	2.0
554	13	2.0
555	1	2.0
556	1	2.0
557	3	2.0
558	1	2.0
559	6	2.0
560	2	2.0
561	3	2.0
562	2	2.0
563	6	2.0
564	1	2.0
565	1	2.0
566	3	2.0
567	3	2.0
568	4	2.0
569	3	2.0
570	2	2.0
571	6	2.0
572	1	2.0
573	16	2.0
574	9	2.0
575	5	2.0
576	7	2.0
577	6	2.0
578	5	2.0
579	1	2.0
580	12	2.0
581	3	2.0
582	9	2.0
583	5	2.0
584	2	2.0
585	7	2.0
586	3	2.0
587	3	2.0
588	16	2.0
589	5	2.0
590	1	2.0
591	4	2.0
592	7	2.0
593	1	2.0
594	4	2.0
595	8	2.0
596	2	2.0
597	8	2.0
598	1	2.0
599	2	2.0
600	4	2.0
601	4	2.0
602	1	2.0
603	1	2.0
604	7	2.0
605	2	2.0
606	7	2.0
607	6	2.0
608	2	2.0
609	5	2.0
610	18	2.0
611	1	2.0
612	1	2.0
613	7	2.0
614	8	2.0
615	2	2.0
616	1	2.0
617	10	2.0
618	1	2.0
619	1	2.0
620	2	2.0
621	3	2.0
622	10	2.0
623	3	2.0
624	10	2.0
625	16	2.0
626	3	2.0
627	1	2.0
628	5	2.0
629	1	2.0
630	1	2.0
631	17	2.0
632	9	2.0
633	1	2.0
634	1	2.0
635	1	2.0
636	1	2.0
637	9	2.0
638	4	2.0
639	7	2.0
640	5	2.0
641	2	2.0
642	3	2.0
643	1	2.0
644	1	2.0
645	1	2.0
646	1	2.0
647	3	2.0
648	1	2.0
649	7	2.0
650	23	2.0
651	7	2.0
652	1	2.0
653	1	2.0
654	6	2.0
655	13	2.0
656	1	2.0
657	3	2.0
658	7	2.0
659	2	2.0
660	9	2.0
661	7	2.0
662	2	2.0
663	7	2.0
664	1	2.0
665	6	2.0
666	7	2.0
667	1	2.0
668	2	2.0
