1	81.0	2.0
2	66.0	2.0
3	59.0	2.0
4	60.0	2.0
5	44.0	2.0
6	44.0	2.0
7	46.0	2.0
8	40.0	2.0
9	40.0	2.0
10	40.0	2.0
11	40.0	2.0
12	34.0	2.0
13	30.0	2.0
14	30.0	2.0
15	32.0	2.0
16	32.0	2.0
17	29.0	2.0
18	31.0	2.0
19	27.0	2.0
20	17.0	2.0
21	20.0	2.0
22	18.0	2.0
23	19.0	2.0
24	12.0	2.0
25	19.0	2.0
26	19.0	2.0
27	19.0	2.0
28	17.0	2.0
29	20.0	2.0
30	20.0	2.0
31	20.0	2.0
32	20.0	2.0
33	28.0	2.0
34	27.0	2.0
35	29.0	2.0
36	29.0	2.0
37	23.0	2.0
38	19.0	2.0
39	18.0	2.0
40	17.0	2.0
41	16.0	2.0
42	16.0	2.0
43	15.0	2.0
44	16.0	2.0
45	15.0	2.0
46	17.0	2.0
47	22.0	2.0
48	14.0	2.0
49	18.0	2.0
50	21.0	2.0
51	17.0	2.0
52	16.0	2.0
53	20.0	2.0
54	21.0	2.0
55	23.0	2.0
56	22.0	2.0
57	19.0	2.0
58	16.0	2.0
59	17.0	2.0
60	16.0	2.0
61	19.0	2.0
62	21.0	2.0
63	22.0	2.0
64	21.0	2.0
65	20.0	2.0
66	17.0	2.0
67	17.0	2.0
68	15.0	2.0
69	15.0	2.0
70	17.0	2.0
71	11.0	2.0
72	12.0	2.0
73	17.0	2.0
74	18.0	2.0
75	19.0	2.0
76	18.0	2.0
77	20.0	2.0
78	20.0	2.0
79	21.0	2.0
80	20.0	2.0
81	13.0	2.0
82	13.0	2.0
83	19.0	2.0
84	18.0	2.0
85	18.0	2.0
86	12.0	2.0
87	13.0	2.0
88	15.0	2.0
89	15.0	2.0
90	14.0	2.0
91	14.0	2.0
92	11.0	2.0
93	12.0	2.0
94	9.0	2.0
95	7.0	2.0
96	8.0	2.0
97	9.0	2.0
98	9.0	2.0
99	15.0	2.0
100	16.0	2.0
101	16.0	2.0
102	13.0	2.0
103	16.0	2.0
104	18.0	2.0
105	18.0	2.0
106	21.0	2.0
107	23.0	2.0
108	22.0	2.0
109	22.0	2.0
110	22.0	2.0
111	20.0	2.0
112	14.0	2.0
113	14.0	2.0
114	16.0	2.0
115	16.0	2.0
116	17.0	2.0
117	15.0	2.0
118	17.0	2.0
119	15.0	2.0
120	16.0	2.0
121	17.0	2.0
122	21.0	2.0
123	23.0	2.0
124	22.0	2.0
125	21.0	2.0
126	26.0	2.0
127	24.0	2.0
128	15.0	2.0
129	18.0	2.0
130	15.0	2.0
131	15.0	2.0
132	14.0	2.0
133	13.0	2.0
134	16.0	2.0
135	19.0	2.0
136	15.0	2.0
137	14.0	2.0
138	14.0	2.0
139	13.0	2.0
140	15.0	2.0
141	15.0	2.0
142	14.0	2.0
143	13.0	2.0
144	13.0	2.0
145	14.0	2.0
146	12.0	2.0
147	18.0	2.0
148	13.0	2.0
149	13.0	2.0
150	13.0	2.0
151	13.0	2.0
152	17.0	2.0
153	19.0	2.0
154	23.0	2.0
155	17.0	2.0
156	14.0	2.0
157	17.0	2.0
158	18.0	2.0
159	26.0	2.0
160	23.0	2.0
161	21.0	2.0
162	21.0	2.0
163	22.0	2.0
164	22.0	2.0
165	21.0	2.0
166	20.0	2.0
167	17.0	2.0
168	12.0	2.0
169	11.0	2.0
170	13.0	2.0
171	13.0	2.0
172	13.0	2.0
173	14.0	2.0
174	13.0	2.0
175	15.0	2.0
176	16.0	2.0
177	12.0	2.0
178	10.0	2.0
179	6.0	2.0
180	3.0	2.0
181	4.0	2.0
182	11.0	2.0
183	10.0	2.0
184	10.0	2.0
185	9.0	2.0
186	8.0	2.0
187	5.0	2.0
188	7.0	2.0
189	7.0	2.0
190	7.0	2.0
191	3.0	2.0
192	3.0	2.0
193	3.0	2.0
194	4.0	2.0
195	4.0	2.0
196	5.0	2.0
197	8.0	2.0
198	14.0	2.0
199	14.0	2.0
200	8.0	2.0
201	6.0	2.0
202	10.0	2.0
203	9.0	2.0
204	6.0	2.0
205	6.0	2.0
206	6.0	2.0
207	7.0	2.0
208	6.0	2.0
209	6.0	2.0
210	6.0	2.0
211	6.0	2.0
212	6.0	2.0
213	6.0	2.0
214	7.0	2.0
215	8.0	2.0
216	4.0	2.0
217	6.0	2.0
218	6.0	2.0
219	6.0	2.0
220	3.0	2.0
221	1.0	2.0
222	0.0	2.0
1	95.0	2.0
2	77.0	2.0
3	77.0	2.0
4	67.0	2.0
5	67.0	2.0
6	58.0	2.0
7	60.0	2.0
8	56.0	2.0
9	56.0	2.0
10	56.0	2.0
11	57.0	2.0
12	57.0	2.0
13	57.0	2.0
14	57.0	2.0
15	52.0	2.0
16	51.0	2.0
17	49.0	2.0
18	48.0	2.0
19	49.0	2.0
20	49.0	2.0
21	49.0	2.0
22	48.0	2.0
23	48.0	2.0
24	48.0	2.0
25	48.0	2.0
26	48.0	2.0
27	43.0	2.0
28	43.0	2.0
29	44.0	2.0
30	44.0	2.0
31	44.0	2.0
32	47.0	2.0
33	47.0	2.0
34	47.0	2.0
35	47.0	2.0
36	47.0	2.0
37	47.0	2.0
38	48.0	2.0
39	53.0	2.0
40	56.0	2.0
41	55.0	2.0
42	56.0	2.0
43	56.0	2.0
44	57.0	2.0
45	57.0	2.0
46	57.0	2.0
47	52.0	2.0
48	54.0	2.0
49	54.0	2.0
50	50.0	2.0
51	49.0	2.0
52	49.0	2.0
53	49.0	2.0
54	47.0	2.0
55	47.0	2.0
56	47.0	2.0
57	37.0	2.0
58	35.0	2.0
59	35.0	2.0
60	27.0	2.0
61	29.0	2.0
62	24.0	2.0
63	26.0	2.0
64	23.0	2.0
65	23.0	2.0
66	24.0	2.0
67	23.0	2.0
68	23.0	2.0
69	21.0	2.0
70	17.0	2.0
71	16.0	2.0
72	16.0	2.0
73	16.0	2.0
74	15.0	2.0
75	15.0	2.0
76	13.0	2.0
77	12.0	2.0
78	14.0	2.0
79	14.0	2.0
80	13.0	2.0
81	11.0	2.0
82	11.0	2.0
83	12.0	2.0
84	6.0	2.0
85	9.0	2.0
86	6.0	2.0
87	7.0	2.0
88	6.0	2.0
89	7.0	2.0
90	4.0	2.0
91	7.0	2.0
92	7.0	2.0
93	6.0	2.0
94	5.0	2.0
95	6.0	2.0
96	5.0	2.0
97	3.0	2.0
98	11.0	2.0
99	8.0	2.0
100	7.0	2.0
101	3.0	2.0
102	3.0	2.0
103	3.0	2.0
104	3.0	2.0
105	3.0	2.0
106	3.0	2.0
107	5.0	2.0
108	5.0	2.0
109	4.0	2.0
110	5.0	2.0
111	5.0	2.0
112	4.0	2.0
113	4.0	2.0
114	4.0	2.0
115	5.0	2.0
116	5.0	2.0
117	7.0	2.0
118	5.0	2.0
119	5.0	2.0
120	10.0	2.0
121	3.0	2.0
122	5.0	2.0
123	7.0	2.0
124	7.0	2.0
125	7.0	2.0
126	0.0	2.0
1	140.0	2.0
2	100.0	2.0
3	96.0	2.0
4	89.0	2.0
5	81.0	2.0
6	74.0	2.0
7	67.0	2.0
8	67.0	2.0
9	63.0	2.0
10	59.0	2.0
11	59.0	2.0
12	58.0	2.0
13	50.0	2.0
14	50.0	2.0
15	49.0	2.0
16	50.0	2.0
17	48.0	2.0
18	40.0	2.0
19	40.0	2.0
20	40.0	2.0
21	42.0	2.0
22	38.0	2.0
23	42.0	2.0
24	35.0	2.0
25	36.0	2.0
26	37.0	2.0
27	38.0	2.0
28	38.0	2.0
29	37.0	2.0
30	36.0	2.0
31	28.0	2.0
32	32.0	2.0
33	27.0	2.0
34	27.0	2.0
35	29.0	2.0
36	30.0	2.0
37	28.0	2.0
38	28.0	2.0
39	27.0	2.0
40	27.0	2.0
41	31.0	2.0
42	29.0	2.0
43	27.0	2.0
44	27.0	2.0
45	26.0	2.0
46	26.0	2.0
47	24.0	2.0
48	21.0	2.0
49	22.0	2.0
50	20.0	2.0
51	20.0	2.0
52	21.0	2.0
53	23.0	2.0
54	23.0	2.0
55	25.0	2.0
56	23.0	2.0
57	23.0	2.0
58	23.0	2.0
59	23.0	2.0
60	20.0	2.0
61	21.0	2.0
62	23.0	2.0
63	24.0	2.0
64	23.0	2.0
65	17.0	2.0
66	14.0	2.0
67	14.0	2.0
68	15.0	2.0
69	15.0	2.0
70	14.0	2.0
71	23.0	2.0
72	30.0	2.0
73	31.0	2.0
74	29.0	2.0
75	31.0	2.0
76	29.0	2.0
77	26.0	2.0
78	26.0	2.0
79	27.0	2.0
80	27.0	2.0
81	26.0	2.0
82	23.0	2.0
83	29.0	2.0
84	28.0	2.0
85	21.0	2.0
86	18.0	2.0
87	11.0	2.0
88	17.0	2.0
89	15.0	2.0
90	15.0	2.0
91	14.0	2.0
92	14.0	2.0
93	14.0	2.0
94	12.0	2.0
95	11.0	2.0
96	10.0	2.0
97	10.0	2.0
98	16.0	2.0
99	11.0	2.0
100	11.0	2.0
101	15.0	2.0
102	9.0	2.0
103	7.0	2.0
104	7.0	2.0
105	6.0	2.0
106	6.0	2.0
107	9.0	2.0
108	9.0	2.0
109	10.0	2.0
110	10.0	2.0
111	5.0	2.0
112	6.0	2.0
113	14.0	2.0
114	9.0	2.0
115	7.0	2.0
116	12.0	2.0
117	12.0	2.0
118	12.0	2.0
119	10.0	2.0
120	15.0	2.0
121	16.0	2.0
122	16.0	2.0
123	9.0	2.0
124	10.0	2.0
125	7.0	2.0
126	4.0	2.0
127	4.0	2.0
128	4.0	2.0
129	4.0	2.0
130	7.0	2.0
131	7.0	2.0
132	4.0	2.0
133	4.0	2.0
134	4.0	2.0
135	5.0	2.0
136	6.0	2.0
137	8.0	2.0
138	8.0	2.0
139	8.0	2.0
140	5.0	2.0
141	7.0	2.0
142	7.0	2.0
143	8.0	2.0
144	8.0	2.0
145	8.0	2.0
146	8.0	2.0
147	9.0	2.0
148	14.0	2.0
149	13.0	2.0
150	13.0	2.0
151	10.0	2.0
152	15.0	2.0
153	15.0	2.0
154	19.0	2.0
155	19.0	2.0
156	17.0	2.0
157	18.0	2.0
158	22.0	2.0
159	19.0	2.0
160	13.0	2.0
161	15.0	2.0
162	15.0	2.0
163	15.0	2.0
164	13.0	2.0
165	13.0	2.0
166	14.0	2.0
167	9.0	2.0
168	17.0	2.0
169	10.0	2.0
170	5.0	2.0
171	5.0	2.0
172	8.0	2.0
173	10.0	2.0
174	14.0	2.0
175	13.0	2.0
176	15.0	2.0
177	15.0	2.0
178	23.0	2.0
179	29.0	2.0
180	29.0	2.0
181	28.0	2.0
182	26.0	2.0
183	25.0	2.0
184	24.0	2.0
185	28.0	2.0
186	24.0	2.0
187	23.0	2.0
188	22.0	2.0
189	22.0	2.0
190	21.0	2.0
191	21.0	2.0
192	24.0	2.0
193	25.0	2.0
194	19.0	2.0
195	23.0	2.0
196	19.0	2.0
197	20.0	2.0
198	20.0	2.0
199	20.0	2.0
200	13.0	2.0
201	12.0	2.0
202	15.0	2.0
203	11.0	2.0
204	16.0	2.0
205	16.0	2.0
206	11.0	2.0
207	13.0	2.0
208	13.0	2.0
209	13.0	2.0
210	9.0	2.0
211	12.0	2.0
212	16.0	2.0
213	16.0	2.0
214	15.0	2.0
215	19.0	2.0
216	20.0	2.0
217	19.0	2.0
218	18.0	2.0
219	18.0	2.0
220	17.0	2.0
221	15.0	2.0
222	16.0	2.0
223	16.0	2.0
224	16.0	2.0
225	15.0	2.0
226	18.0	2.0
227	19.0	2.0
228	18.0	2.0
229	18.0	2.0
230	20.0	2.0
231	19.0	2.0
232	20.0	2.0
233	21.0	2.0
234	20.0	2.0
235	19.0	2.0
236	20.0	2.0
237	20.0	2.0
238	21.0	2.0
239	22.0	2.0
240	20.0	2.0
241	17.0	2.0
242	16.0	2.0
243	14.0	2.0
244	15.0	2.0
245	15.0	2.0
246	18.0	2.0
247	17.0	2.0
248	19.0	2.0
249	21.0	2.0
250	21.0	2.0
251	19.0	2.0
252	19.0	2.0
253	18.0	2.0
254	19.0	2.0
255	24.0	2.0
256	30.0	2.0
257	30.0	2.0
258	29.0	2.0
259	28.0	2.0
260	20.0	2.0
261	20.0	2.0
262	28.0	2.0
263	27.0	2.0
264	25.0	2.0
265	25.0	2.0
266	18.0	2.0
267	18.0	2.0
268	16.0	2.0
269	15.0	2.0
270	19.0	2.0
271	19.0	2.0
272	19.0	2.0
273	19.0	2.0
274	19.0	2.0
275	19.0	2.0
276	19.0	2.0
277	20.0	2.0
278	20.0	2.0
279	23.0	2.0
280	23.0	2.0
281	23.0	2.0
282	25.0	2.0
283	24.0	2.0
284	24.0	2.0
285	23.0	2.0
286	25.0	2.0
287	30.0	2.0
288	35.0	2.0
289	34.0	2.0
290	35.0	2.0
291	31.0	2.0
292	31.0	2.0
293	26.0	2.0
294	21.0	2.0
295	20.0	2.0
296	19.0	2.0
297	19.0	2.0
298	22.0	2.0
299	21.0	2.0
300	26.0	2.0
301	26.0	2.0
302	27.0	2.0
303	27.0	2.0
304	22.0	2.0
305	22.0	2.0
306	20.0	2.0
307	21.0	2.0
308	21.0	2.0
309	29.0	2.0
310	33.0	2.0
311	32.0	2.0
312	32.0	2.0
313	29.0	2.0
314	31.0	2.0
315	30.0	2.0
316	27.0	2.0
317	29.0	2.0
318	24.0	2.0
319	23.0	2.0
320	22.0	2.0
321	21.0	2.0
322	20.0	2.0
323	33.0	2.0
324	36.0	2.0
325	30.0	2.0
326	29.0	2.0
327	18.0	2.0
328	18.0	2.0
329	18.0	2.0
330	18.0	2.0
331	20.0	2.0
332	20.0	2.0
333	19.0	2.0
334	19.0	2.0
335	17.0	2.0
336	17.0	2.0
337	17.0	2.0
338	12.0	2.0
339	12.0	2.0
340	10.0	2.0
341	6.0	2.0
342	8.0	2.0
343	6.0	2.0
344	10.0	2.0
345	11.0	2.0
346	13.0	2.0
347	10.0	2.0
348	9.0	2.0
349	10.0	2.0
350	10.0	2.0
351	10.0	2.0
352	11.0	2.0
353	9.0	2.0
354	10.0	2.0
355	12.0	2.0
356	12.0	2.0
357	14.0	2.0
358	12.0	2.0
359	15.0	2.0
360	16.0	2.0
361	18.0	2.0
362	17.0	2.0
363	14.0	2.0
364	17.0	2.0
365	17.0	2.0
366	13.0	2.0
367	13.0	2.0
368	10.0	2.0
369	9.0	2.0
370	8.0	2.0
371	7.0	2.0
372	6.0	2.0
373	5.0	2.0
374	5.0	2.0
375	5.0	2.0
376	5.0	2.0
377	12.0	2.0
378	14.0	2.0
379	12.0	2.0
380	15.0	2.0
381	13.0	2.0
382	10.0	2.0
383	6.0	2.0
384	9.0	2.0
385	8.0	2.0
386	9.0	2.0
387	12.0	2.0
388	10.0	2.0
389	10.0	2.0
390	9.0	2.0
391	8.0	2.0
392	8.0	2.0
393	5.0	2.0
394	8.0	2.0
395	10.0	2.0
396	12.0	2.0
397	12.0	2.0
398	12.0	2.0
399	11.0	2.0
400	8.0	2.0
401	5.0	2.0
402	6.0	2.0
403	9.0	2.0
404	6.0	2.0
405	7.0	2.0
406	8.0	2.0
407	8.0	2.0
408	8.0	2.0
409	9.0	2.0
410	5.0	2.0
411	8.0	2.0
412	9.0	2.0
413	9.0	2.0
414	5.0	2.0
415	6.0	2.0
416	10.0	2.0
417	13.0	2.0
418	13.0	2.0
419	18.0	2.0
420	13.0	2.0
421	15.0	2.0
422	15.0	2.0
423	15.0	2.0
424	16.0	2.0
425	16.0	2.0
426	19.0	2.0
427	18.0	2.0
428	18.0	2.0
429	23.0	2.0
430	18.0	2.0
431	11.0	2.0
432	14.0	2.0
433	14.0	2.0
434	14.0	2.0
435	12.0	2.0
436	11.0	2.0
437	12.0	2.0
438	10.0	2.0
439	10.0	2.0
440	12.0	2.0
441	12.0	2.0
442	16.0	2.0
443	10.0	2.0
444	9.0	2.0
445	10.0	2.0
446	7.0	2.0
447	7.0	2.0
448	5.0	2.0
449	3.0	2.0
450	5.0	2.0
451	7.0	2.0
452	8.0	2.0
453	8.0	2.0
454	7.0	2.0
455	7.0	2.0
456	7.0	2.0
457	7.0	2.0
458	7.0	2.0
459	8.0	2.0
460	9.0	2.0
461	14.0	2.0
462	14.0	2.0
463	14.0	2.0
464	13.0	2.0
465	14.0	2.0
466	12.0	2.0
467	10.0	2.0
468	5.0	2.0
469	5.0	2.0
470	5.0	2.0
471	9.0	2.0
472	11.0	2.0
473	7.0	2.0
474	11.0	2.0
475	13.0	2.0
476	14.0	2.0
477	20.0	2.0
478	23.0	2.0
479	21.0	2.0
480	22.0	2.0
481	20.0	2.0
482	16.0	2.0
483	16.0	2.0
484	15.0	2.0
485	11.0	2.0
486	11.0	2.0
487	6.0	2.0
488	6.0	2.0
489	6.0	2.0
490	7.0	2.0
491	7.0	2.0
492	4.0	2.0
493	0.0	2.0
1	61.0	2.0
2	61.0	2.0
3	63.0	2.0
4	55.0	2.0
5	42.0	2.0
6	42.0	2.0
7	40.0	2.0
8	37.0	2.0
9	35.0	2.0
10	35.0	2.0
11	34.0	2.0
12	33.0	2.0
13	35.0	2.0
14	34.0	2.0
15	37.0	2.0
16	38.0	2.0
17	36.0	2.0
18	42.0	2.0
19	40.0	2.0
20	40.0	2.0
21	33.0	2.0
22	34.0	2.0
23	34.0	2.0
24	31.0	2.0
25	31.0	2.0
26	30.0	2.0
27	30.0	2.0
28	30.0	2.0
29	30.0	2.0
30	28.0	2.0
31	23.0	2.0
32	17.0	2.0
33	13.0	2.0
34	13.0	2.0
35	13.0	2.0
36	13.0	2.0
37	13.0	2.0
38	14.0	2.0
39	14.0	2.0
40	18.0	2.0
41	17.0	2.0
42	20.0	2.0
43	16.0	2.0
44	17.0	2.0
45	15.0	2.0
46	15.0	2.0
47	15.0	2.0
48	14.0	2.0
49	19.0	2.0
50	20.0	2.0
51	17.0	2.0
52	14.0	2.0
53	16.0	2.0
54	15.0	2.0
55	11.0	2.0
56	17.0	2.0
57	17.0	2.0
58	19.0	2.0
59	19.0	2.0
60	16.0	2.0
61	16.0	2.0
62	17.0	2.0
63	17.0	2.0
64	17.0	2.0
65	15.0	2.0
66	12.0	2.0
67	12.0	2.0
68	14.0	2.0
69	14.0	2.0
70	14.0	2.0
71	16.0	2.0
72	16.0	2.0
73	16.0	2.0
74	16.0	2.0
75	14.0	2.0
76	14.0	2.0
77	12.0	2.0
78	13.0	2.0
79	16.0	2.0
80	16.0	2.0
81	18.0	2.0
82	19.0	2.0
83	16.0	2.0
84	11.0	2.0
85	11.0	2.0
86	9.0	2.0
87	9.0	2.0
88	13.0	2.0
89	15.0	2.0
90	17.0	2.0
91	18.0	2.0
92	20.0	2.0
93	18.0	2.0
94	20.0	2.0
95	10.0	2.0
96	9.0	2.0
97	10.0	2.0
98	9.0	2.0
99	9.0	2.0
100	7.0	2.0
101	7.0	2.0
102	8.0	2.0
103	8.0	2.0
104	8.0	2.0
105	7.0	2.0
106	7.0	2.0
107	7.0	2.0
108	8.0	2.0
109	8.0	2.0
110	9.0	2.0
111	7.0	2.0
112	7.0	2.0
113	11.0	2.0
114	12.0	2.0
115	12.0	2.0
116	11.0	2.0
117	10.0	2.0
118	11.0	2.0
119	11.0	2.0
120	10.0	2.0
121	7.0	2.0
122	12.0	2.0
123	7.0	2.0
124	8.0	2.0
125	11.0	2.0
126	11.0	2.0
127	11.0	2.0
128	8.0	2.0
129	8.0	2.0
130	8.0	2.0
131	8.0	2.0
132	8.0	2.0
133	8.0	2.0
134	9.0	2.0
135	8.0	2.0
136	8.0	2.0
137	6.0	2.0
138	7.0	2.0
139	9.0	2.0
140	12.0	2.0
141	13.0	2.0
142	12.0	2.0
143	15.0	2.0
144	15.0	2.0
145	8.0	2.0
146	10.0	2.0
147	8.0	2.0
148	8.0	2.0
149	11.0	2.0
150	15.0	2.0
151	14.0	2.0
152	10.0	2.0
153	10.0	2.0
154	11.0	2.0
155	12.0	2.0
156	12.0	2.0
157	12.0	2.0
158	10.0	2.0
159	9.0	2.0
160	11.0	2.0
161	12.0	2.0
162	12.0	2.0
163	16.0	2.0
164	16.0	2.0
165	12.0	2.0
166	17.0	2.0
167	14.0	2.0
168	15.0	2.0
169	15.0	2.0
170	21.0	2.0
171	20.0	2.0
172	17.0	2.0
173	15.0	2.0
174	26.0	2.0
175	22.0	2.0
176	22.0	2.0
177	22.0	2.0
178	22.0	2.0
179	8.0	2.0
180	7.0	2.0
181	8.0	2.0
182	5.0	2.0
183	8.0	2.0
184	7.0	2.0
185	8.0	2.0
186	15.0	2.0
187	17.0	2.0
188	14.0	2.0
189	11.0	2.0
190	11.0	2.0
191	11.0	2.0
192	12.0	2.0
193	11.0	2.0
194	11.0	2.0
195	13.0	2.0
196	14.0	2.0
197	13.0	2.0
198	15.0	2.0
199	13.0	2.0
200	12.0	2.0
201	14.0	2.0
202	14.0	2.0
203	6.0	2.0
204	11.0	2.0
205	15.0	2.0
206	15.0	2.0
207	12.0	2.0
208	12.0	2.0
209	16.0	2.0
210	19.0	2.0
211	13.0	2.0
212	7.0	2.0
213	4.0	2.0
214	6.0	2.0
215	5.0	2.0
216	5.0	2.0
217	5.0	2.0
218	6.0	2.0
219	6.0	2.0
220	9.0	2.0
221	6.0	2.0
222	6.0	2.0
223	9.0	2.0
224	8.0	2.0
225	10.0	2.0
226	11.0	2.0
227	8.0	2.0
228	7.0	2.0
229	7.0	2.0
230	6.0	2.0
231	6.0	2.0
232	11.0	2.0
233	13.0	2.0
234	6.0	2.0
235	6.0	2.0
236	6.0	2.0
237	7.0	2.0
238	6.0	2.0
239	5.0	2.0
240	6.0	2.0
241	6.0	2.0
242	8.0	2.0
243	7.0	2.0
244	7.0	2.0
245	10.0	2.0
246	10.0	2.0
247	8.0	2.0
248	8.0	2.0
249	8.0	2.0
250	13.0	2.0
251	9.0	2.0
252	10.0	2.0
253	4.0	2.0
254	4.0	2.0
255	4.0	2.0
256	4.0	2.0
257	4.0	2.0
258	4.0	2.0
259	7.0	2.0
260	8.0	2.0
261	7.0	2.0
262	6.0	2.0
263	8.0	2.0
264	10.0	2.0
265	18.0	2.0
266	19.0	2.0
267	21.0	2.0
268	23.0	2.0
269	21.0	2.0
270	23.0	2.0
271	23.0	2.0
272	24.0	2.0
273	23.0	2.0
274	21.0	2.0
275	20.0	2.0
276	20.0	2.0
277	9.0	2.0
278	9.0	2.0
279	10.0	2.0
280	10.0	2.0
281	14.0	2.0
282	9.0	2.0
283	13.0	2.0
284	8.0	2.0
285	8.0	2.0
286	7.0	2.0
287	7.0	2.0
288	13.0	2.0
289	10.0	2.0
290	8.0	2.0
291	9.0	2.0
292	6.0	2.0
293	10.0	2.0
294	11.0	2.0
295	14.0	2.0
296	14.0	2.0
297	18.0	2.0
298	19.0	2.0
299	15.0	2.0
300	15.0	2.0
301	15.0	2.0
302	12.0	2.0
303	11.0	2.0
304	9.0	2.0
305	15.0	2.0
306	12.0	2.0
307	17.0	2.0
308	17.0	2.0
309	14.0	2.0
310	14.0	2.0
311	17.0	2.0
312	18.0	2.0
313	17.0	2.0
314	17.0	2.0
315	14.0	2.0
316	14.0	2.0
317	14.0	2.0
318	12.0	2.0
319	11.0	2.0
320	6.0	2.0
321	8.0	2.0
322	8.0	2.0
323	3.0	2.0
324	3.0	2.0
325	3.0	2.0
326	3.0	2.0
327	3.0	2.0
328	3.0	2.0
329	3.0	2.0
330	3.0	2.0
331	3.0	2.0
332	7.0	2.0
333	7.0	2.0
334	10.0	2.0
335	11.0	2.0
336	11.0	2.0
337	6.0	2.0
338	6.0	2.0
339	8.0	2.0
340	7.0	2.0
341	13.0	2.0
342	16.0	2.0
343	13.0	2.0
344	16.0	2.0
345	17.0	2.0
346	20.0	2.0
347	21.0	2.0
348	21.0	2.0
349	22.0	2.0
350	22.0	2.0
351	23.0	2.0
352	22.0	2.0
353	22.0	2.0
354	23.0	2.0
355	22.0	2.0
356	18.0	2.0
357	20.0	2.0
358	24.0	2.0
359	26.0	2.0
360	22.0	2.0
361	16.0	2.0
362	17.0	2.0
363	15.0	2.0
364	17.0	2.0
365	24.0	2.0
366	28.0	2.0
367	26.0	2.0
368	28.0	2.0
369	28.0	2.0
370	26.0	2.0
371	32.0	2.0
372	26.0	2.0
373	28.0	2.0
374	30.0	2.0
375	26.0	2.0
376	27.0	2.0
377	28.0	2.0
378	28.0	2.0
379	25.0	2.0
380	25.0	2.0
381	19.0	2.0
382	20.0	2.0
383	20.0	2.0
384	20.0	2.0
385	20.0	2.0
386	22.0	2.0
387	22.0	2.0
388	22.0	2.0
389	27.0	2.0
390	21.0	2.0
391	20.0	2.0
392	21.0	2.0
393	22.0	2.0
394	23.0	2.0
395	22.0	2.0
396	25.0	2.0
397	25.0	2.0
398	30.0	2.0
399	30.0	2.0
400	32.0	2.0
401	31.0	2.0
402	30.0	2.0
403	26.0	2.0
404	25.0	2.0
405	24.0	2.0
406	24.0	2.0
407	27.0	2.0
408	21.0	2.0
409	21.0	2.0
410	20.0	2.0
411	21.0	2.0
412	18.0	2.0
413	15.0	2.0
414	15.0	2.0
415	15.0	2.0
416	17.0	2.0
417	16.0	2.0
418	13.0	2.0
419	12.0	2.0
420	12.0	2.0
421	12.0	2.0
422	13.0	2.0
423	13.0	2.0
424	13.0	2.0
425	14.0	2.0
426	16.0	2.0
427	17.0	2.0
428	15.0	2.0
429	19.0	2.0
430	17.0	2.0
431	16.0	2.0
432	14.0	2.0
433	18.0	2.0
434	16.0	2.0
435	16.0	2.0
436	17.0	2.0
437	17.0	2.0
438	17.0	2.0
439	19.0	2.0
440	15.0	2.0
441	12.0	2.0
442	13.0	2.0
443	10.0	2.0
444	9.0	2.0
445	15.0	2.0
446	14.0	2.0
447	12.0	2.0
448	17.0	2.0
449	17.0	2.0
450	15.0	2.0
451	14.0	2.0
452	15.0	2.0
453	23.0	2.0
454	19.0	2.0
455	21.0	2.0
456	21.0	2.0
457	17.0	2.0
458	16.0	2.0
459	18.0	2.0
460	15.0	2.0
461	14.0	2.0
462	11.0	2.0
463	10.0	2.0
464	9.0	2.0
465	9.0	2.0
466	9.0	2.0
467	9.0	2.0
468	9.0	2.0
469	9.0	2.0
470	9.0	2.0
471	7.0	2.0
472	11.0	2.0
473	7.0	2.0
474	7.0	2.0
475	12.0	2.0
476	14.0	2.0
477	16.0	2.0
478	17.0	2.0
479	15.0	2.0
480	15.0	2.0
481	18.0	2.0
482	17.0	2.0
483	14.0	2.0
484	14.0	2.0
485	14.0	2.0
486	10.0	2.0
487	13.0	2.0
488	10.0	2.0
489	10.0	2.0
490	8.0	2.0
491	10.0	2.0
492	10.0	2.0
493	12.0	2.0
494	10.0	2.0
495	10.0	2.0
496	9.0	2.0
497	13.0	2.0
498	13.0	2.0
499	13.0	2.0
500	13.0	2.0
501	13.0	2.0
502	13.0	2.0
503	14.0	2.0
504	15.0	2.0
505	16.0	2.0
506	13.0	2.0
507	11.0	2.0
508	15.0	2.0
509	14.0	2.0
510	16.0	2.0
511	17.0	2.0
512	12.0	2.0
513	13.0	2.0
514	12.0	2.0
515	12.0	2.0
516	12.0	2.0
517	12.0	2.0
518	11.0	2.0
519	11.0	2.0
520	11.0	2.0
521	13.0	2.0
522	11.0	2.0
523	11.0	2.0
524	14.0	2.0
525	14.0	2.0
526	18.0	2.0
527	13.0	2.0
528	9.0	2.0
529	9.0	2.0
530	7.0	2.0
531	7.0	2.0
532	7.0	2.0
533	7.0	2.0
534	7.0	2.0
535	6.0	2.0
536	5.0	2.0
537	3.0	2.0
538	3.0	2.0
539	4.0	2.0
540	4.0	2.0
541	3.0	2.0
542	3.0	2.0
543	2.0	2.0
544	1.0	2.0
545	1.0	2.0
546	7.0	2.0
547	7.0	2.0
548	0.0	2.0
1	106.0	2.0
2	90.0	2.0
3	72.0	2.0
4	71.0	2.0
5	71.0	2.0
6	58.0	2.0
7	54.0	2.0
8	48.0	2.0
9	49.0	2.0
10	51.0	2.0
11	50.0	2.0
12	49.0	2.0
13	50.0	2.0
14	51.0	2.0
15	48.0	2.0
16	48.0	2.0
17	47.0	2.0
18	46.0	2.0
19	46.0	2.0
20	46.0	2.0
21	46.0	2.0
22	42.0	2.0
23	46.0	2.0
24	46.0	2.0
25	43.0	2.0
26	42.0	2.0
27	42.0	2.0
28	42.0	2.0
29	47.0	2.0
30	48.0	2.0
31	49.0	2.0
32	49.0	2.0
33	47.0	2.0
34	46.0	2.0
35	45.0	2.0
36	35.0	2.0
37	35.0	2.0
38	33.0	2.0
39	33.0	2.0
40	32.0	2.0
41	31.0	2.0
42	32.0	2.0
43	34.0	2.0
44	32.0	2.0
45	36.0	2.0
46	37.0	2.0
47	33.0	2.0
48	33.0	2.0
49	31.0	2.0
50	31.0	2.0
51	28.0	2.0
52	24.0	2.0
53	29.0	2.0
54	26.0	2.0
55	24.0	2.0
56	20.0	2.0
57	19.0	2.0
58	22.0	2.0
59	25.0	2.0
60	23.0	2.0
61	23.0	2.0
62	23.0	2.0
63	25.0	2.0
64	25.0	2.0
65	25.0	2.0
66	26.0	2.0
67	29.0	2.0
68	27.0	2.0
69	30.0	2.0
70	32.0	2.0
71	33.0	2.0
72	33.0	2.0
73	29.0	2.0
74	29.0	2.0
75	29.0	2.0
76	30.0	2.0
77	30.0	2.0
78	31.0	2.0
79	31.0	2.0
80	30.0	2.0
81	27.0	2.0
82	30.0	2.0
83	35.0	2.0
84	33.0	2.0
85	29.0	2.0
86	29.0	2.0
87	33.0	2.0
88	31.0	2.0
89	33.0	2.0
90	33.0	2.0
91	33.0	2.0
92	34.0	2.0
93	24.0	2.0
94	26.0	2.0
95	22.0	2.0
96	22.0	2.0
97	18.0	2.0
98	12.0	2.0
99	11.0	2.0
100	12.0	2.0
101	5.0	2.0
102	5.0	2.0
103	5.0	2.0
104	5.0	2.0
105	4.0	2.0
106	1.0	2.0
107	8.0	2.0
108	9.0	2.0
109	5.0	2.0
110	3.0	2.0
111	6.0	2.0
112	6.0	2.0
113	9.0	2.0
114	8.0	2.0
115	9.0	2.0
116	9.0	2.0
117	4.0	2.0
118	5.0	2.0
119	5.0	2.0
120	5.0	2.0
121	6.0	2.0
122	6.0	2.0
123	6.0	2.0
124	4.0	2.0
125	5.0	2.0
126	4.0	2.0
127	3.0	2.0
128	3.0	2.0
129	0.0	2.0
1	144.0	2.0
2	111.0	2.0
3	107.0	2.0
4	98.0	2.0
5	88.0	2.0
6	82.0	2.0
7	76.0	2.0
8	82.0	2.0
9	82.0	2.0
10	70.0	2.0
11	80.0	2.0
12	76.0	2.0
13	76.0	2.0
14	80.0	2.0
15	75.0	2.0
16	73.0	2.0
17	66.0	2.0
18	66.0	2.0
19	62.0	2.0
20	61.0	2.0
21	64.0	2.0
22	54.0	2.0
23	54.0	2.0
24	58.0	2.0
25	53.0	2.0
26	53.0	2.0
27	58.0	2.0
28	58.0	2.0
29	53.0	2.0
30	53.0	2.0
31	51.0	2.0
32	51.0	2.0
33	51.0	2.0
34	51.0	2.0
35	51.0	2.0
36	51.0	2.0
37	47.0	2.0
38	49.0	2.0
39	49.0	2.0
40	39.0	2.0
41	41.0	2.0
42	39.0	2.0
43	38.0	2.0
44	45.0	2.0
45	44.0	2.0
46	39.0	2.0
47	38.0	2.0
48	37.0	2.0
49	38.0	2.0
50	38.0	2.0
51	36.0	2.0
52	39.0	2.0
53	35.0	2.0
54	35.0	2.0
55	33.0	2.0
56	33.0	2.0
57	29.0	2.0
58	30.0	2.0
59	29.0	2.0
60	33.0	2.0
61	28.0	2.0
62	27.0	2.0
63	27.0	2.0
64	26.0	2.0
65	25.0	2.0
66	26.0	2.0
67	26.0	2.0
68	24.0	2.0
69	21.0	2.0
70	21.0	2.0
71	23.0	2.0
72	26.0	2.0
73	26.0	2.0
74	26.0	2.0
75	26.0	2.0
76	27.0	2.0
77	29.0	2.0
78	30.0	2.0
79	27.0	2.0
80	27.0	2.0
81	27.0	2.0
82	27.0	2.0
83	29.0	2.0
84	30.0	2.0
85	30.0	2.0
86	28.0	2.0
87	27.0	2.0
88	26.0	2.0
89	25.0	2.0
90	25.0	2.0
91	24.0	2.0
92	24.0	2.0
93	25.0	2.0
94	24.0	2.0
95	21.0	2.0
96	22.0	2.0
97	25.0	2.0
98	23.0	2.0
99	23.0	2.0
100	24.0	2.0
101	27.0	2.0
102	25.0	2.0
103	26.0	2.0
104	26.0	2.0
105	27.0	2.0
106	28.0	2.0
107	27.0	2.0
108	24.0	2.0
109	23.0	2.0
110	24.0	2.0
111	23.0	2.0
112	24.0	2.0
113	23.0	2.0
114	23.0	2.0
115	23.0	2.0
116	26.0	2.0
117	25.0	2.0
118	19.0	2.0
119	14.0	2.0
120	9.0	2.0
121	9.0	2.0
122	9.0	2.0
123	13.0	2.0
124	13.0	2.0
125	14.0	2.0
126	24.0	2.0
127	20.0	2.0
128	18.0	2.0
129	17.0	2.0
130	18.0	2.0
131	13.0	2.0
132	12.0	2.0
133	12.0	2.0
134	14.0	2.0
135	12.0	2.0
136	12.0	2.0
137	13.0	2.0
138	11.0	2.0
139	12.0	2.0
140	11.0	2.0
141	11.0	2.0
142	12.0	2.0
143	9.0	2.0
144	13.0	2.0
145	19.0	2.0
146	19.0	2.0
147	19.0	2.0
148	10.0	2.0
149	10.0	2.0
150	9.0	2.0
151	7.0	2.0
152	8.0	2.0
153	5.0	2.0
154	7.0	2.0
155	7.0	2.0
156	5.0	2.0
157	6.0	2.0
158	8.0	2.0
159	9.0	2.0
160	10.0	2.0
161	13.0	2.0
162	9.0	2.0
163	14.0	2.0
164	13.0	2.0
165	14.0	2.0
166	14.0	2.0
167	13.0	2.0
168	13.0	2.0
169	11.0	2.0
170	12.0	2.0
171	13.0	2.0
172	15.0	2.0
173	15.0	2.0
174	16.0	2.0
175	14.0	2.0
176	12.0	2.0
177	7.0	2.0
178	8.0	2.0
179	10.0	2.0
180	13.0	2.0
181	14.0	2.0
182	14.0	2.0
183	8.0	2.0
184	9.0	2.0
185	11.0	2.0
186	8.0	2.0
187	9.0	2.0
188	12.0	2.0
189	10.0	2.0
190	8.0	2.0
191	9.0	2.0
192	9.0	2.0
193	10.0	2.0
194	10.0	2.0
195	6.0	2.0
196	7.0	2.0
197	8.0	2.0
198	6.0	2.0
199	5.0	2.0
200	5.0	2.0
201	6.0	2.0
202	8.0	2.0
203	7.0	2.0
204	6.0	2.0
205	6.0	2.0
206	6.0	2.0
207	5.0	2.0
208	5.0	2.0
209	6.0	2.0
210	5.0	2.0
211	10.0	2.0
212	11.0	2.0
213	12.0	2.0
214	14.0	2.0
215	16.0	2.0
216	16.0	2.0
217	21.0	2.0
218	21.0	2.0
219	22.0	2.0
220	20.0	2.0
221	15.0	2.0
222	11.0	2.0
223	11.0	2.0
224	8.0	2.0
225	13.0	2.0
226	12.0	2.0
227	11.0	2.0
228	9.0	2.0
229	9.0	2.0
230	5.0	2.0
231	1.0	2.0
232	6.0	2.0
233	6.0	2.0
234	7.0	2.0
235	7.0	2.0
236	6.0	2.0
237	7.0	2.0
238	7.0	2.0
239	9.0	2.0
240	5.0	2.0
241	4.0	2.0
242	5.0	2.0
243	4.0	2.0
244	8.0	2.0
245	14.0	2.0
246	13.0	2.0
247	13.0	2.0
248	15.0	2.0
249	13.0	2.0
250	13.0	2.0
251	13.0	2.0
252	15.0	2.0
253	19.0	2.0
254	18.0	2.0
255	20.0	2.0
256	20.0	2.0
257	20.0	2.0
258	20.0	2.0
259	17.0	2.0
260	18.0	2.0
261	17.0	2.0
262	19.0	2.0
263	19.0	2.0
264	15.0	2.0
265	12.0	2.0
266	12.0	2.0
267	16.0	2.0
268	16.0	2.0
269	16.0	2.0
270	15.0	2.0
271	18.0	2.0
272	18.0	2.0
273	19.0	2.0
274	19.0	2.0
275	17.0	2.0
276	20.0	2.0
277	16.0	2.0
278	14.0	2.0
279	13.0	2.0
280	13.0	2.0
281	13.0	2.0
282	13.0	2.0
283	13.0	2.0
284	17.0	2.0
285	20.0	2.0
286	21.0	2.0
287	21.0	2.0
288	18.0	2.0
289	18.0	2.0
290	17.0	2.0
291	14.0	2.0
292	18.0	2.0
293	20.0	2.0
294	19.0	2.0
295	19.0	2.0
296	18.0	2.0
297	17.0	2.0
298	20.0	2.0
299	18.0	2.0
300	17.0	2.0
301	18.0	2.0
302	18.0	2.0
303	19.0	2.0
304	17.0	2.0
305	21.0	2.0
306	21.0	2.0
307	20.0	2.0
308	20.0	2.0
309	19.0	2.0
310	18.0	2.0
311	18.0	2.0
312	17.0	2.0
313	19.0	2.0
314	22.0	2.0
315	23.0	2.0
316	18.0	2.0
317	20.0	2.0
318	20.0	2.0
319	20.0	2.0
320	25.0	2.0
321	24.0	2.0
322	24.0	2.0
323	24.0	2.0
324	21.0	2.0
325	22.0	2.0
326	22.0	2.0
327	21.0	2.0
328	22.0	2.0
329	22.0	2.0
330	24.0	2.0
331	20.0	2.0
332	23.0	2.0
333	23.0	2.0
334	22.0	2.0
335	21.0	2.0
336	22.0	2.0
337	21.0	2.0
338	22.0	2.0
339	19.0	2.0
340	17.0	2.0
341	16.0	2.0
342	17.0	2.0
343	16.0	2.0
344	21.0	2.0
345	18.0	2.0
346	18.0	2.0
347	15.0	2.0
348	16.0	2.0
349	16.0	2.0
350	15.0	2.0
351	15.0	2.0
352	19.0	2.0
353	18.0	2.0
354	16.0	2.0
355	16.0	2.0
356	17.0	2.0
357	19.0	2.0
358	16.0	2.0
359	16.0	2.0
360	15.0	2.0
361	15.0	2.0
362	12.0	2.0
363	15.0	2.0
364	13.0	2.0
365	11.0	2.0
366	12.0	2.0
367	12.0	2.0
368	8.0	2.0
369	12.0	2.0
370	13.0	2.0
371	16.0	2.0
372	17.0	2.0
373	18.0	2.0
374	19.0	2.0
375	18.0	2.0
376	17.0	2.0
377	18.0	2.0
378	15.0	2.0
379	14.0	2.0
380	15.0	2.0
381	14.0	2.0
382	16.0	2.0
383	16.0	2.0
384	15.0	2.0
385	17.0	2.0
386	17.0	2.0
387	20.0	2.0
388	20.0	2.0
389	20.0	2.0
390	17.0	2.0
391	17.0	2.0
392	15.0	2.0
393	13.0	2.0
394	13.0	2.0
395	12.0	2.0
396	12.0	2.0
397	12.0	2.0
398	14.0	2.0
399	13.0	2.0
400	13.0	2.0
401	13.0	2.0
402	13.0	2.0
403	13.0	2.0
404	10.0	2.0
405	10.0	2.0
406	9.0	2.0
407	13.0	2.0
408	13.0	2.0
409	8.0	2.0
410	8.0	2.0
411	8.0	2.0
412	8.0	2.0
413	8.0	2.0
414	9.0	2.0
415	8.0	2.0
416	8.0	2.0
417	4.0	2.0
418	4.0	2.0
419	4.0	2.0
420	4.0	2.0
421	4.0	2.0
422	4.0	2.0
423	5.0	2.0
424	5.0	2.0
425	6.0	2.0
426	9.0	2.0
427	10.0	2.0
428	10.0	2.0
429	10.0	2.0
430	7.0	2.0
431	7.0	2.0
432	7.0	2.0
433	7.0	2.0
434	7.0	2.0
435	10.0	2.0
436	10.0	2.0
437	10.0	2.0
438	7.0	2.0
439	4.0	2.0
440	4.0	2.0
441	3.0	2.0
442	1.0	2.0
443	0.0	2.0
1	84.0	2.0
2	78.0	2.0
3	70.0	2.0
4	70.0	2.0
5	73.0	2.0
6	75.0	2.0
7	70.0	2.0
8	70.0	2.0
9	71.0	2.0
10	69.0	2.0
11	52.0	2.0
12	50.0	2.0
13	44.0	2.0
14	45.0	2.0
15	46.0	2.0
16	46.0	2.0
17	39.0	2.0
18	31.0	2.0
19	31.0	2.0
20	30.0	2.0
21	26.0	2.0
22	27.0	2.0
23	30.0	2.0
24	30.0	2.0
25	32.0	2.0
26	34.0	2.0
27	32.0	2.0
28	23.0	2.0
29	27.0	2.0
30	25.0	2.0
31	26.0	2.0
32	29.0	2.0
33	27.0	2.0
34	26.0	2.0
35	26.0	2.0
36	27.0	2.0
37	27.0	2.0
38	27.0	2.0
39	27.0	2.0
40	25.0	2.0
41	24.0	2.0
42	19.0	2.0
43	19.0	2.0
44	18.0	2.0
45	19.0	2.0
46	17.0	2.0
47	19.0	2.0
48	23.0	2.0
49	22.0	2.0
50	21.0	2.0
51	21.0	2.0
52	21.0	2.0
53	26.0	2.0
54	25.0	2.0
55	19.0	2.0
56	19.0	2.0
57	19.0	2.0
58	18.0	2.0
59	17.0	2.0
60	17.0	2.0
61	16.0	2.0
62	23.0	2.0
63	21.0	2.0
64	22.0	2.0
65	25.0	2.0
66	22.0	2.0
67	21.0	2.0
68	22.0	2.0
69	21.0	2.0
70	21.0	2.0
71	25.0	2.0
72	25.0	2.0
73	26.0	2.0
74	25.0	2.0
75	28.0	2.0
76	19.0	2.0
77	19.0	2.0
78	23.0	2.0
79	22.0	2.0
80	29.0	2.0
81	26.0	2.0
82	25.0	2.0
83	30.0	2.0
84	27.0	2.0
85	26.0	2.0
86	25.0	2.0
87	26.0	2.0
88	26.0	2.0
89	26.0	2.0
90	25.0	2.0
91	28.0	2.0
92	27.0	2.0
93	23.0	2.0
94	24.0	2.0
95	23.0	2.0
96	22.0	2.0
97	22.0	2.0
98	20.0	2.0
99	24.0	2.0
100	24.0	2.0
101	27.0	2.0
102	27.0	2.0
103	26.0	2.0
104	23.0	2.0
105	27.0	2.0
106	22.0	2.0
107	21.0	2.0
108	21.0	2.0
109	22.0	2.0
110	22.0	2.0
111	22.0	2.0
112	21.0	2.0
113	26.0	2.0
114	24.0	2.0
115	22.0	2.0
116	22.0	2.0
117	22.0	2.0
118	24.0	2.0
119	23.0	2.0
120	20.0	2.0
121	19.0	2.0
122	16.0	2.0
123	19.0	2.0
124	16.0	2.0
125	16.0	2.0
126	15.0	2.0
127	15.0	2.0
128	16.0	2.0
129	19.0	2.0
130	19.0	2.0
131	17.0	2.0
132	16.0	2.0
133	15.0	2.0
134	13.0	2.0
135	16.0	2.0
136	17.0	2.0
137	23.0	2.0
138	19.0	2.0
139	21.0	2.0
140	19.0	2.0
141	19.0	2.0
142	20.0	2.0
143	17.0	2.0
144	19.0	2.0
145	20.0	2.0
146	20.0	2.0
147	18.0	2.0
148	18.0	2.0
149	18.0	2.0
150	19.0	2.0
151	16.0	2.0
152	16.0	2.0
153	17.0	2.0
154	16.0	2.0
155	18.0	2.0
156	15.0	2.0
157	14.0	2.0
158	14.0	2.0
159	14.0	2.0
160	13.0	2.0
161	12.0	2.0
162	9.0	2.0
163	18.0	2.0
164	12.0	2.0
165	10.0	2.0
166	10.0	2.0
167	10.0	2.0
168	18.0	2.0
169	17.0	2.0
170	11.0	2.0
171	14.0	2.0
172	11.0	2.0
173	12.0	2.0
174	16.0	2.0
175	16.0	2.0
176	19.0	2.0
177	13.0	2.0
178	15.0	2.0
179	15.0	2.0
180	15.0	2.0
181	15.0	2.0
182	14.0	2.0
183	24.0	2.0
184	26.0	2.0
185	25.0	2.0
186	23.0	2.0
187	21.0	2.0
188	22.0	2.0
189	22.0	2.0
190	22.0	2.0
191	26.0	2.0
192	21.0	2.0
193	27.0	2.0
194	27.0	2.0
195	30.0	2.0
196	28.0	2.0
197	37.0	2.0
198	39.0	2.0
199	38.0	2.0
200	36.0	2.0
201	35.0	2.0
202	33.0	2.0
203	34.0	2.0
204	32.0	2.0
205	32.0	2.0
206	30.0	2.0
207	28.0	2.0
208	28.0	2.0
209	22.0	2.0
210	20.0	2.0
211	21.0	2.0
212	21.0	2.0
213	22.0	2.0
214	24.0	2.0
215	24.0	2.0
216	26.0	2.0
217	24.0	2.0
218	24.0	2.0
219	24.0	2.0
220	24.0	2.0
221	25.0	2.0
222	21.0	2.0
223	18.0	2.0
224	19.0	2.0
225	21.0	2.0
226	21.0	2.0
227	13.0	2.0
228	9.0	2.0
229	9.0	2.0
230	7.0	2.0
231	4.0	2.0
232	12.0	2.0
233	13.0	2.0
234	12.0	2.0
235	11.0	2.0
236	11.0	2.0
237	15.0	2.0
238	11.0	2.0
239	9.0	2.0
240	8.0	2.0
241	7.0	2.0
242	8.0	2.0
243	8.0	2.0
244	11.0	2.0
245	11.0	2.0
246	11.0	2.0
247	10.0	2.0
248	9.0	2.0
249	11.0	2.0
250	9.0	2.0
251	12.0	2.0
252	8.0	2.0
253	9.0	2.0
254	12.0	2.0
255	14.0	2.0
256	17.0	2.0
257	17.0	2.0
258	17.0	2.0
259	16.0	2.0
260	15.0	2.0
261	18.0	2.0
262	19.0	2.0
263	18.0	2.0
264	16.0	2.0
265	11.0	2.0
266	13.0	2.0
267	9.0	2.0
268	7.0	2.0
269	8.0	2.0
270	8.0	2.0
271	12.0	2.0
272	11.0	2.0
273	11.0	2.0
274	9.0	2.0
275	7.0	2.0
276	7.0	2.0
277	9.0	2.0
278	11.0	2.0
279	12.0	2.0
280	6.0	2.0
281	6.0	2.0
282	7.0	2.0
283	9.0	2.0
284	8.0	2.0
285	7.0	2.0
286	9.0	2.0
287	7.0	2.0
288	6.0	2.0
289	6.0	2.0
290	7.0	2.0
291	4.0	2.0
292	8.0	2.0
293	6.0	2.0
294	5.0	2.0
295	5.0	2.0
296	5.0	2.0
297	4.0	2.0
298	5.0	2.0
299	4.0	2.0
300	5.0	2.0
301	4.0	2.0
302	4.0	2.0
303	4.0	2.0
304	4.0	2.0
305	5.0	2.0
306	10.0	2.0
307	10.0	2.0
308	10.0	2.0
309	10.0	2.0
310	8.0	2.0
311	8.0	2.0
312	11.0	2.0
313	13.0	2.0
314	11.0	2.0
315	14.0	2.0
316	14.0	2.0
317	12.0	2.0
318	11.0	2.0
319	20.0	2.0
320	18.0	2.0
321	17.0	2.0
322	16.0	2.0
323	15.0	2.0
324	17.0	2.0
325	17.0	2.0
326	16.0	2.0
327	16.0	2.0
328	16.0	2.0
329	15.0	2.0
330	17.0	2.0
331	14.0	2.0
332	13.0	2.0
333	13.0	2.0
334	17.0	2.0
335	13.0	2.0
336	11.0	2.0
337	6.0	2.0
338	9.0	2.0
339	8.0	2.0
340	5.0	2.0
341	5.0	2.0
342	6.0	2.0
343	5.0	2.0
344	7.0	2.0
345	7.0	2.0
346	10.0	2.0
347	14.0	2.0
348	17.0	2.0
349	16.0	2.0
350	19.0	2.0
351	10.0	2.0
352	10.0	2.0
353	10.0	2.0
354	8.0	2.0
355	10.0	2.0
356	10.0	2.0
357	10.0	2.0
358	12.0	2.0
359	12.0	2.0
360	12.0	2.0
361	11.0	2.0
362	8.0	2.0
363	8.0	2.0
364	9.0	2.0
365	10.0	2.0
366	12.0	2.0
367	14.0	2.0
368	11.0	2.0
369	3.0	2.0
370	3.0	2.0
371	2.0	2.0
372	5.0	2.0
373	5.0	2.0
374	6.0	2.0
375	5.0	2.0
376	5.0	2.0
377	5.0	2.0
378	5.0	2.0
379	5.0	2.0
380	12.0	2.0
381	12.0	2.0
382	9.0	2.0
383	8.0	2.0
384	9.0	2.0
385	6.0	2.0
386	6.0	2.0
387	6.0	2.0
388	3.0	2.0
389	3.0	2.0
390	6.0	2.0
391	7.0	2.0
392	10.0	2.0
393	10.0	2.0
394	7.0	2.0
395	17.0	2.0
396	17.0	2.0
397	22.0	2.0
398	17.0	2.0
399	14.0	2.0
400	12.0	2.0
401	12.0	2.0
402	13.0	2.0
403	12.0	2.0
404	18.0	2.0
405	12.0	2.0
406	12.0	2.0
407	5.0	2.0
408	8.0	2.0
409	9.0	2.0
410	6.0	2.0
411	4.0	2.0
412	4.0	2.0
413	9.0	2.0
414	12.0	2.0
415	15.0	2.0
416	14.0	2.0
417	13.0	2.0
418	5.0	2.0
419	5.0	2.0
420	7.0	2.0
421	7.0	2.0
422	5.0	2.0
423	7.0	2.0
424	7.0	2.0
425	7.0	2.0
426	9.0	2.0
427	10.0	2.0
428	11.0	2.0
429	6.0	2.0
430	5.0	2.0
431	7.0	2.0
432	6.0	2.0
433	6.0	2.0
434	6.0	2.0
435	4.0	2.0
436	11.0	2.0
437	11.0	2.0
438	10.0	2.0
439	16.0	2.0
440	11.0	2.0
441	7.0	2.0
442	7.0	2.0
443	7.0	2.0
444	7.0	2.0
445	7.0	2.0
446	7.0	2.0
447	20.0	2.0
448	18.0	2.0
449	18.0	2.0
450	16.0	2.0
451	8.0	2.0
452	9.0	2.0
453	5.0	2.0
454	9.0	2.0
455	10.0	2.0
456	9.0	2.0
457	8.0	2.0
458	5.0	2.0
459	8.0	2.0
460	9.0	2.0
461	7.0	2.0
462	7.0	2.0
463	7.0	2.0
464	6.0	2.0
465	8.0	2.0
466	14.0	2.0
467	12.0	2.0
468	11.0	2.0
469	8.0	2.0
470	10.0	2.0
471	5.0	2.0
472	10.0	2.0
473	9.0	2.0
474	7.0	2.0
475	8.0	2.0
476	11.0	2.0
477	11.0	2.0
478	12.0	2.0
479	15.0	2.0
480	13.0	2.0
481	14.0	2.0
482	15.0	2.0
483	14.0	2.0
484	13.0	2.0
485	8.0	2.0
486	7.0	2.0
487	7.0	2.0
488	5.0	2.0
489	8.0	2.0
490	9.0	2.0
491	11.0	2.0
492	3.0	2.0
493	2.0	2.0
494	3.0	2.0
495	3.0	2.0
496	3.0	2.0
497	3.0	2.0
498	3.0	2.0
499	6.0	2.0
500	6.0	2.0
501	6.0	2.0
502	8.0	2.0
503	8.0	2.0
504	8.0	2.0
505	8.0	2.0
506	11.0	2.0
507	12.0	2.0
508	10.0	2.0
509	10.0	2.0
510	8.0	2.0
511	12.0	2.0
512	15.0	2.0
513	18.0	2.0
514	12.0	2.0
515	17.0	2.0
516	18.0	2.0
517	14.0	2.0
518	12.0	2.0
519	10.0	2.0
520	8.0	2.0
521	11.0	2.0
522	12.0	2.0
523	11.0	2.0
524	13.0	2.0
525	12.0	2.0
526	13.0	2.0
527	13.0	2.0
528	9.0	2.0
529	12.0	2.0
530	8.0	2.0
531	10.0	2.0
532	12.0	2.0
533	13.0	2.0
534	14.0	2.0
535	8.0	2.0
536	5.0	2.0
537	5.0	2.0
538	4.0	2.0
539	4.0	2.0
540	5.0	2.0
541	5.0	2.0
542	2.0	2.0
543	2.0	2.0
544	2.0	2.0
545	2.0	2.0
546	1.0	2.0
547	12.0	2.0
548	14.0	2.0
549	18.0	2.0
550	17.0	2.0
551	15.0	2.0
552	12.0	2.0
553	10.0	2.0
554	9.0	2.0
555	7.0	2.0
556	9.0	2.0
557	9.0	2.0
558	4.0	2.0
559	3.0	2.0
560	5.0	2.0
561	14.0	2.0
562	10.0	2.0
563	5.0	2.0
564	4.0	2.0
565	5.0	2.0
566	8.0	2.0
567	6.0	2.0
568	6.0	2.0
569	6.0	2.0
570	5.0	2.0
571	10.0	2.0
572	11.0	2.0
573	12.0	2.0
574	6.0	2.0
575	5.0	2.0
576	6.0	2.0
577	5.0	2.0
578	5.0	2.0
579	4.0	2.0
580	9.0	2.0
581	12.0	2.0
582	6.0	2.0
583	11.0	2.0
584	13.0	2.0
585	13.0	2.0
586	7.0	2.0
587	7.0	2.0
588	9.0	2.0
589	9.0	2.0
590	9.0	2.0
591	8.0	2.0
592	8.0	2.0
593	13.0	2.0
594	12.0	2.0
595	14.0	2.0
596	15.0	2.0
597	14.0	2.0
598	12.0	2.0
599	12.0	2.0
600	12.0	2.0
601	10.0	2.0
602	12.0	2.0
603	12.0	2.0
604	10.0	2.0
605	9.0	2.0
606	7.0	2.0
607	18.0	2.0
608	16.0	2.0
609	19.0	2.0
610	18.0	2.0
611	18.0	2.0
612	10.0	2.0
613	12.0	2.0
614	13.0	2.0
615	7.0	2.0
616	8.0	2.0
617	12.0	2.0
618	8.0	2.0
619	10.0	2.0
620	10.0	2.0
621	10.0	2.0
622	9.0	2.0
623	10.0	2.0
624	8.0	2.0
625	13.0	2.0
626	18.0	2.0
627	19.0	2.0
628	20.0	2.0
629	21.0	2.0
630	21.0	2.0
631	21.0	2.0
632	17.0	2.0
633	19.0	2.0
634	23.0	2.0
635	22.0	2.0
636	18.0	2.0
637	15.0	2.0
638	12.0	2.0
639	12.0	2.0
640	12.0	2.0
641	12.0	2.0
642	12.0	2.0
643	14.0	2.0
644	14.0	2.0
645	15.0	2.0
646	16.0	2.0
647	18.0	2.0
648	15.0	2.0
649	23.0	2.0
650	23.0	2.0
651	21.0	2.0
652	16.0	2.0
653	16.0	2.0
654	16.0	2.0
655	16.0	2.0
656	14.0	2.0
657	14.0	2.0
658	14.0	2.0
659	15.0	2.0
660	12.0	2.0
661	13.0	2.0
662	11.0	2.0
663	20.0	2.0
664	18.0	2.0
665	19.0	2.0
666	20.0	2.0
667	21.0	2.0
668	19.0	2.0
669	26.0	2.0
670	26.0	2.0
671	25.0	2.0
672	22.0	2.0
673	21.0	2.0
674	23.0	2.0
675	22.0	2.0
676	23.0	2.0
677	23.0	2.0
678	26.0	2.0
679	23.0	2.0
680	24.0	2.0
681	25.0	2.0
682	26.0	2.0
683	25.0	2.0
684	25.0	2.0
685	26.0	2.0
686	29.0	2.0
687	33.0	2.0
688	33.0	2.0
689	29.0	2.0
690	30.0	2.0
691	26.0	2.0
692	26.0	2.0
693	25.0	2.0
694	24.0	2.0
695	26.0	2.0
696	30.0	2.0
697	27.0	2.0
698	26.0	2.0
699	25.0	2.0
700	26.0	2.0
701	19.0	2.0
702	18.0	2.0
703	17.0	2.0
704	18.0	2.0
705	13.0	2.0
706	11.0	2.0
707	11.0	2.0
708	9.0	2.0
709	8.0	2.0
710	9.0	2.0
711	7.0	2.0
712	7.0	2.0
713	7.0	2.0
714	7.0	2.0
715	10.0	2.0
716	10.0	2.0
717	10.0	2.0
718	10.0	2.0
719	8.0	2.0
720	10.0	2.0
721	9.0	2.0
722	9.0	2.0
723	6.0	2.0
724	6.0	2.0
725	4.0	2.0
726	4.0	2.0
727	7.0	2.0
728	7.0	2.0
729	7.0	2.0
730	7.0	2.0
731	7.0	2.0
732	7.0	2.0
733	7.0	2.0
734	7.0	2.0
735	7.0	2.0
736	4.0	2.0
737	4.0	2.0
738	2.0	2.0
739	2.0	2.0
740	3.0	2.0
741	3.0	2.0
742	3.0	2.0
743	3.0	2.0
744	3.0	2.0
745	1.0	2.0
746	4.0	2.0
747	5.0	2.0
748	4.0	2.0
749	4.0	2.0
750	3.0	2.0
751	3.0	2.0
752	3.0	2.0
753	3.0	2.0
754	3.0	2.0
755	3.0	2.0
756	3.0	2.0
757	3.0	2.0
758	8.0	2.0
759	4.0	2.0
760	3.0	2.0
761	0.0	2.0
1	65.0	2.0
2	70.0	2.0
3	70.0	2.0
4	71.0	2.0
5	71.0	2.0
6	63.0	2.0
7	64.0	2.0
8	64.0	2.0
9	64.0	2.0
10	63.0	2.0
11	61.0	2.0
12	50.0	2.0
13	49.0	2.0
14	49.0	2.0
15	51.0	2.0
16	53.0	2.0
17	53.0	2.0
18	45.0	2.0
19	42.0	2.0
20	44.0	2.0
21	51.0	2.0
22	45.0	2.0
23	50.0	2.0
24	50.0	2.0
25	44.0	2.0
26	44.0	2.0
27	46.0	2.0
28	47.0	2.0
29	41.0	2.0
30	46.0	2.0
31	46.0	2.0
32	44.0	2.0
33	40.0	2.0
34	32.0	2.0
35	33.0	2.0
36	33.0	2.0
37	31.0	2.0
38	32.0	2.0
39	34.0	2.0
40	37.0	2.0
41	35.0	2.0
42	34.0	2.0
43	32.0	2.0
44	31.0	2.0
45	29.0	2.0
46	31.0	2.0
47	34.0	2.0
48	41.0	2.0
49	42.0	2.0
50	41.0	2.0
51	37.0	2.0
52	41.0	2.0
53	38.0	2.0
54	42.0	2.0
55	42.0	2.0
56	39.0	2.0
57	38.0	2.0
58	34.0	2.0
59	30.0	2.0
60	30.0	2.0
61	35.0	2.0
62	38.0	2.0
63	35.0	2.0
64	42.0	2.0
65	38.0	2.0
66	36.0	2.0
67	33.0	2.0
68	34.0	2.0
69	37.0	2.0
70	34.0	2.0
71	31.0	2.0
72	27.0	2.0
73	20.0	2.0
74	18.0	2.0
75	13.0	2.0
76	17.0	2.0
77	17.0	2.0
78	15.0	2.0
79	15.0	2.0
80	13.0	2.0
81	13.0	2.0
82	14.0	2.0
83	13.0	2.0
84	13.0	2.0
85	14.0	2.0
86	14.0	2.0
87	15.0	2.0
88	15.0	2.0
89	13.0	2.0
90	17.0	2.0
91	16.0	2.0
92	19.0	2.0
93	16.0	2.0
94	16.0	2.0
95	17.0	2.0
96	16.0	2.0
97	17.0	2.0
98	14.0	2.0
99	20.0	2.0
100	21.0	2.0
101	19.0	2.0
102	17.0	2.0
103	22.0	2.0
104	20.0	2.0
105	18.0	2.0
106	19.0	2.0
107	20.0	2.0
108	20.0	2.0
109	19.0	2.0
110	20.0	2.0
111	23.0	2.0
112	23.0	2.0
113	23.0	2.0
114	23.0	2.0
115	23.0	2.0
116	24.0	2.0
117	25.0	2.0
118	25.0	2.0
119	28.0	2.0
120	30.0	2.0
121	31.0	2.0
122	28.0	2.0
123	28.0	2.0
124	29.0	2.0
125	28.0	2.0
126	28.0	2.0
127	23.0	2.0
128	26.0	2.0
129	27.0	2.0
130	24.0	2.0
131	23.0	2.0
132	22.0	2.0
133	19.0	2.0
134	19.0	2.0
135	19.0	2.0
136	16.0	2.0
137	16.0	2.0
138	17.0	2.0
139	16.0	2.0
140	20.0	2.0
141	16.0	2.0
142	14.0	2.0
143	14.0	2.0
144	13.0	2.0
145	14.0	2.0
146	13.0	2.0
147	11.0	2.0
148	11.0	2.0
149	12.0	2.0
150	14.0	2.0
151	15.0	2.0
152	15.0	2.0
153	13.0	2.0
154	15.0	2.0
155	15.0	2.0
156	20.0	2.0
157	16.0	2.0
158	21.0	2.0
159	23.0	2.0
160	17.0	2.0
161	14.0	2.0
162	13.0	2.0
163	14.0	2.0
164	13.0	2.0
165	13.0	2.0
166	13.0	2.0
167	14.0	2.0
168	14.0	2.0
169	14.0	2.0
170	12.0	2.0
171	12.0	2.0
172	12.0	2.0
173	8.0	2.0
174	5.0	2.0
175	5.0	2.0
176	6.0	2.0
177	8.0	2.0
178	10.0	2.0
179	6.0	2.0
180	9.0	2.0
181	13.0	2.0
182	14.0	2.0
183	13.0	2.0
184	9.0	2.0
185	9.0	2.0
186	9.0	2.0
187	5.0	2.0
188	6.0	2.0
189	6.0	2.0
190	5.0	2.0
191	4.0	2.0
192	5.0	2.0
193	5.0	2.0
194	15.0	2.0
195	19.0	2.0
196	18.0	2.0
197	4.0	2.0
198	3.0	2.0
199	3.0	2.0
200	9.0	2.0
201	9.0	2.0
202	10.0	2.0
203	10.0	2.0
204	16.0	2.0
205	20.0	2.0
206	20.0	2.0
207	17.0	2.0
208	17.0	2.0
209	7.0	2.0
210	6.0	2.0
211	6.0	2.0
212	4.0	2.0
213	6.0	2.0
214	6.0	2.0
215	6.0	2.0
216	6.0	2.0
217	6.0	2.0
218	15.0	2.0
219	5.0	2.0
220	5.0	2.0
221	5.0	2.0
222	5.0	2.0
223	5.0	2.0
224	6.0	2.0
225	5.0	2.0
226	5.0	2.0
227	5.0	2.0
228	6.0	2.0
229	6.0	2.0
230	7.0	2.0
231	10.0	2.0
232	9.0	2.0
233	11.0	2.0
234	10.0	2.0
235	10.0	2.0
236	12.0	2.0
237	12.0	2.0
238	10.0	2.0
239	12.0	2.0
240	12.0	2.0
241	11.0	2.0
242	14.0	2.0
243	13.0	2.0
244	13.0	2.0
245	7.0	2.0
246	7.0	2.0
247	7.0	2.0
248	10.0	2.0
249	5.0	2.0
250	5.0	2.0
251	5.0	2.0
252	5.0	2.0
253	5.0	2.0
254	5.0	2.0
255	9.0	2.0
256	9.0	2.0
257	8.0	2.0
258	8.0	2.0
259	12.0	2.0
260	10.0	2.0
261	8.0	2.0
262	9.0	2.0
263	17.0	2.0
264	18.0	2.0
265	20.0	2.0
266	20.0	2.0
267	15.0	2.0
268	16.0	2.0
269	16.0	2.0
270	23.0	2.0
271	28.0	2.0
272	28.0	2.0
273	33.0	2.0
274	28.0	2.0
275	18.0	2.0
276	23.0	2.0
277	23.0	2.0
278	21.0	2.0
279	22.0	2.0
280	22.0	2.0
281	19.0	2.0
282	20.0	2.0
283	21.0	2.0
284	21.0	2.0
285	23.0	2.0
286	25.0	2.0
287	25.0	2.0
288	22.0	2.0
289	19.0	2.0
290	16.0	2.0
291	13.0	2.0
292	10.0	2.0
293	10.0	2.0
294	11.0	2.0
295	9.0	2.0
296	9.0	2.0
297	8.0	2.0
298	8.0	2.0
299	12.0	2.0
300	11.0	2.0
301	10.0	2.0
302	9.0	2.0
303	11.0	2.0
304	13.0	2.0
305	10.0	2.0
306	8.0	2.0
307	10.0	2.0
308	7.0	2.0
309	7.0	2.0
310	6.0	2.0
311	6.0	2.0
312	6.0	2.0
313	7.0	2.0
314	7.0	2.0
315	4.0	2.0
316	3.0	2.0
317	5.0	2.0
318	4.0	2.0
319	4.0	2.0
320	10.0	2.0
321	10.0	2.0
322	10.0	2.0
323	11.0	2.0
324	9.0	2.0
325	14.0	2.0
326	12.0	2.0
327	12.0	2.0
328	11.0	2.0
329	7.0	2.0
330	2.0	2.0
331	2.0	2.0
332	5.0	2.0
333	6.0	2.0
334	6.0	2.0
335	3.0	2.0
336	4.0	2.0
337	8.0	2.0
338	10.0	2.0
339	8.0	2.0
340	10.0	2.0
341	7.0	2.0
342	2.0	2.0
343	2.0	2.0
344	2.0	2.0
345	2.0	2.0
346	3.0	2.0
347	5.0	2.0
348	5.0	2.0
349	4.0	2.0
350	3.0	2.0
351	4.0	2.0
352	8.0	2.0
353	8.0	2.0
354	5.0	2.0
355	5.0	2.0
356	7.0	2.0
357	6.0	2.0
358	4.0	2.0
359	5.0	2.0
360	4.0	2.0
361	5.0	2.0
362	7.0	2.0
363	5.0	2.0
364	3.0	2.0
365	1.0	2.0
366	1.0	2.0
367	4.0	2.0
368	4.0	2.0
369	5.0	2.0
370	3.0	2.0
371	3.0	2.0
372	4.0	2.0
373	3.0	2.0
374	6.0	2.0
375	11.0	2.0
376	15.0	2.0
377	14.0	2.0
378	14.0	2.0
379	14.0	2.0
380	7.0	2.0
381	0.0	2.0
1	124.0	2.0
2	109.0	2.0
3	109.0	2.0
4	109.0	2.0
5	109.0	2.0
6	94.0	2.0
7	94.0	2.0
8	94.0	2.0
9	95.0	2.0
10	93.0	2.0
11	78.0	2.0
12	69.0	2.0
13	71.0	2.0
14	69.0	2.0
15	69.0	2.0
16	72.0	2.0
17	69.0	2.0
18	71.0	2.0
19	72.0	2.0
20	67.0	2.0
21	59.0	2.0
22	40.0	2.0
23	39.0	2.0
24	44.0	2.0
25	41.0	2.0
26	43.0	2.0
27	42.0	2.0
28	40.0	2.0
29	42.0	2.0
30	43.0	2.0
31	47.0	2.0
32	48.0	2.0
33	49.0	2.0
34	50.0	2.0
35	48.0	2.0
36	44.0	2.0
37	43.0	2.0
38	44.0	2.0
39	43.0	2.0
40	42.0	2.0
41	42.0	2.0
42	42.0	2.0
43	39.0	2.0
44	32.0	2.0
45	34.0	2.0
46	28.0	2.0
47	23.0	2.0
48	24.0	2.0
49	20.0	2.0
50	23.0	2.0
51	24.0	2.0
52	22.0	2.0
53	21.0	2.0
54	21.0	2.0
55	20.0	2.0
56	19.0	2.0
57	21.0	2.0
58	23.0	2.0
59	23.0	2.0
60	26.0	2.0
61	22.0	2.0
62	20.0	2.0
63	20.0	2.0
64	19.0	2.0
65	19.0	2.0
66	20.0	2.0
67	20.0	2.0
68	19.0	2.0
69	19.0	2.0
70	19.0	2.0
71	20.0	2.0
72	21.0	2.0
73	18.0	2.0
74	18.0	2.0
75	17.0	2.0
76	16.0	2.0
77	19.0	2.0
78	20.0	2.0
79	19.0	2.0
80	19.0	2.0
81	20.0	2.0
82	21.0	2.0
83	23.0	2.0
84	24.0	2.0
85	22.0	2.0
86	20.0	2.0
87	20.0	2.0
88	18.0	2.0
89	22.0	2.0
90	21.0	2.0
91	21.0	2.0
92	22.0	2.0
93	23.0	2.0
94	27.0	2.0
95	28.0	2.0
96	31.0	2.0
97	29.0	2.0
98	25.0	2.0
99	25.0	2.0
100	27.0	2.0
101	28.0	2.0
102	27.0	2.0
103	26.0	2.0
104	24.0	2.0
105	22.0	2.0
106	23.0	2.0
107	23.0	2.0
108	21.0	2.0
109	19.0	2.0
110	18.0	2.0
111	19.0	2.0
112	17.0	2.0
113	19.0	2.0
114	19.0	2.0
115	21.0	2.0
116	28.0	2.0
117	27.0	2.0
118	22.0	2.0
119	23.0	2.0
120	21.0	2.0
121	19.0	2.0
122	20.0	2.0
123	19.0	2.0
124	19.0	2.0
125	19.0	2.0
126	17.0	2.0
127	17.0	2.0
128	14.0	2.0
129	13.0	2.0
130	16.0	2.0
131	13.0	2.0
132	14.0	2.0
133	13.0	2.0
134	12.0	2.0
135	19.0	2.0
136	16.0	2.0
137	9.0	2.0
138	9.0	2.0
139	11.0	2.0
140	10.0	2.0
141	9.0	2.0
142	9.0	2.0
143	9.0	2.0
144	10.0	2.0
145	11.0	2.0
146	14.0	2.0
147	13.0	2.0
148	14.0	2.0
149	15.0	2.0
150	10.0	2.0
151	9.0	2.0
152	11.0	2.0
153	11.0	2.0
154	12.0	2.0
155	12.0	2.0
156	12.0	2.0
157	13.0	2.0
158	13.0	2.0
159	17.0	2.0
160	20.0	2.0
161	10.0	2.0
162	9.0	2.0
163	9.0	2.0
164	7.0	2.0
165	3.0	2.0
166	5.0	2.0
167	3.0	2.0
168	1.0	2.0
169	3.0	2.0
170	7.0	2.0
171	3.0	2.0
172	0.0	2.0
1	104.0	2.0
2	76.0	2.0
3	78.0	2.0
4	79.0	2.0
5	67.0	2.0
6	67.0	2.0
7	64.0	2.0
8	65.0	2.0
9	65.0	2.0
10	62.0	2.0
11	61.0	2.0
12	61.0	2.0
13	63.0	2.0
14	64.0	2.0
15	64.0	2.0
16	64.0	2.0
17	65.0	2.0
18	65.0	2.0
19	65.0	2.0
20	69.0	2.0
21	64.0	2.0
22	64.0	2.0
23	56.0	2.0
24	57.0	2.0
25	53.0	2.0
26	52.0	2.0
27	42.0	2.0
28	41.0	2.0
29	48.0	2.0
30	47.0	2.0
31	43.0	2.0
32	37.0	2.0
33	36.0	2.0
34	36.0	2.0
35	35.0	2.0
36	40.0	2.0
37	43.0	2.0
38	41.0	2.0
39	38.0	2.0
40	38.0	2.0
41	34.0	2.0
42	34.0	2.0
43	30.0	2.0
44	25.0	2.0
45	26.0	2.0
46	26.0	2.0
47	25.0	2.0
48	24.0	2.0
49	22.0	2.0
50	24.0	2.0
51	24.0	2.0
52	24.0	2.0
53	24.0	2.0
54	16.0	2.0
55	16.0	2.0
56	17.0	2.0
57	18.0	2.0
58	17.0	2.0
59	15.0	2.0
60	15.0	2.0
61	15.0	2.0
62	15.0	2.0
63	15.0	2.0
64	14.0	2.0
65	12.0	2.0
66	11.0	2.0
67	11.0	2.0
68	11.0	2.0
69	10.0	2.0
70	12.0	2.0
71	12.0	2.0
72	10.0	2.0
73	6.0	2.0
74	10.0	2.0
75	12.0	2.0
76	11.0	2.0
77	11.0	2.0
78	13.0	2.0
79	21.0	2.0
80	10.0	2.0
81	6.0	2.0
82	4.0	2.0
83	6.0	2.0
84	8.0	2.0
85	8.0	2.0
86	8.0	2.0
87	12.0	2.0
88	11.0	2.0
89	15.0	2.0
90	15.0	2.0
91	16.0	2.0
92	17.0	2.0
93	18.0	2.0
94	15.0	2.0
95	10.0	2.0
96	14.0	2.0
97	14.0	2.0
98	12.0	2.0
99	12.0	2.0
100	10.0	2.0
101	7.0	2.0
102	7.0	2.0
103	11.0	2.0
104	7.0	2.0
105	12.0	2.0
106	10.0	2.0
107	17.0	2.0
108	13.0	2.0
109	12.0	2.0
110	9.0	2.0
111	11.0	2.0
112	10.0	2.0
113	10.0	2.0
114	10.0	2.0
115	8.0	2.0
116	8.0	2.0
117	8.0	2.0
118	11.0	2.0
119	5.0	2.0
120	4.0	2.0
121	6.0	2.0
122	4.0	2.0
123	5.0	2.0
124	13.0	2.0
125	10.0	2.0
126	12.0	2.0
127	10.0	2.0
128	10.0	2.0
129	9.0	2.0
130	5.0	2.0
131	6.0	2.0
132	6.0	2.0
133	6.0	2.0
134	6.0	2.0
135	6.0	2.0
136	7.0	2.0
137	5.0	2.0
138	5.0	2.0
139	4.0	2.0
140	4.0	2.0
141	6.0	2.0
142	4.0	2.0
143	4.0	2.0
144	3.0	2.0
145	5.0	2.0
146	7.0	2.0
147	11.0	2.0
148	8.0	2.0
149	9.0	2.0
150	15.0	2.0
151	14.0	2.0
152	12.0	2.0
153	10.0	2.0
154	10.0	2.0
155	9.0	2.0
156	9.0	2.0
157	7.0	2.0
158	11.0	2.0
159	10.0	2.0
160	11.0	2.0
161	9.0	2.0
162	21.0	2.0
163	19.0	2.0
164	19.0	2.0
165	28.0	2.0
166	29.0	2.0
167	19.0	2.0
168	19.0	2.0
169	19.0	2.0
170	31.0	2.0
171	27.0	2.0
172	24.0	2.0
173	24.0	2.0
174	24.0	2.0
175	26.0	2.0
176	28.0	2.0
177	26.0	2.0
178	24.0	2.0
179	23.0	2.0
180	23.0	2.0
181	24.0	2.0
182	17.0	2.0
183	17.0	2.0
184	18.0	2.0
185	14.0	2.0
186	15.0	2.0
187	15.0	2.0
188	16.0	2.0
189	13.0	2.0
190	14.0	2.0
191	14.0	2.0
192	14.0	2.0
193	14.0	2.0
194	13.0	2.0
195	13.0	2.0
196	13.0	2.0
197	13.0	2.0
198	8.0	2.0
199	11.0	2.0
200	8.0	2.0
201	8.0	2.0
202	7.0	2.0
203	9.0	2.0
204	8.0	2.0
205	7.0	2.0
206	9.0	2.0
207	13.0	2.0
208	17.0	2.0
209	17.0	2.0
210	16.0	2.0
211	15.0	2.0
212	15.0	2.0
213	16.0	2.0
214	15.0	2.0
215	22.0	2.0
216	21.0	2.0
217	17.0	2.0
218	17.0	2.0
219	17.0	2.0
220	18.0	2.0
221	17.0	2.0
222	17.0	2.0
223	15.0	2.0
224	14.0	2.0
225	18.0	2.0
226	19.0	2.0
227	19.0	2.0
228	12.0	2.0
229	13.0	2.0
230	10.0	2.0
231	10.0	2.0
232	12.0	2.0
233	11.0	2.0
234	12.0	2.0
235	11.0	2.0
236	11.0	2.0
237	12.0	2.0
238	12.0	2.0
239	12.0	2.0
240	10.0	2.0
241	9.0	2.0
242	9.0	2.0
243	9.0	2.0
244	16.0	2.0
245	17.0	2.0
246	9.0	2.0
247	9.0	2.0
248	9.0	2.0
249	10.0	2.0
250	9.0	2.0
251	10.0	2.0
252	10.0	2.0
253	10.0	2.0
254	10.0	2.0
255	12.0	2.0
256	15.0	2.0
257	15.0	2.0
258	15.0	2.0
259	13.0	2.0
260	15.0	2.0
261	15.0	2.0
262	13.0	2.0
263	9.0	2.0
264	9.0	2.0
265	15.0	2.0
266	13.0	2.0
267	10.0	2.0
268	7.0	2.0
269	6.0	2.0
270	3.0	2.0
271	4.0	2.0
272	4.0	2.0
273	8.0	2.0
274	9.0	2.0
275	8.0	2.0
276	8.0	2.0
277	10.0	2.0
278	10.0	2.0
279	10.0	2.0
280	11.0	2.0
281	9.0	2.0
282	8.0	2.0
283	12.0	2.0
284	8.0	2.0
285	8.0	2.0
286	8.0	2.0
287	8.0	2.0
288	9.0	2.0
289	19.0	2.0
290	20.0	2.0
291	11.0	2.0
292	11.0	2.0
293	13.0	2.0
294	13.0	2.0
295	14.0	2.0
296	19.0	2.0
297	20.0	2.0
298	17.0	2.0
299	18.0	2.0
300	19.0	2.0
301	18.0	2.0
302	13.0	2.0
303	12.0	2.0
304	18.0	2.0
305	19.0	2.0
306	24.0	2.0
307	24.0	2.0
308	21.0	2.0
309	19.0	2.0
310	18.0	2.0
311	17.0	2.0
312	18.0	2.0
313	15.0	2.0
314	14.0	2.0
315	18.0	2.0
316	14.0	2.0
317	15.0	2.0
318	13.0	2.0
319	9.0	2.0
320	8.0	2.0
321	8.0	2.0
322	10.0	2.0
323	8.0	2.0
324	8.0	2.0
325	8.0	2.0
326	10.0	2.0
327	10.0	2.0
328	10.0	2.0
329	9.0	2.0
330	11.0	2.0
331	9.0	2.0
332	10.0	2.0
333	10.0	2.0
334	10.0	2.0
335	9.0	2.0
336	11.0	2.0
337	11.0	2.0
338	17.0	2.0
339	15.0	2.0
340	17.0	2.0
341	14.0	2.0
342	15.0	2.0
343	16.0	2.0
344	19.0	2.0
345	19.0	2.0
346	21.0	2.0
347	19.0	2.0
348	19.0	2.0
349	19.0	2.0
350	21.0	2.0
351	18.0	2.0
352	20.0	2.0
353	20.0	2.0
354	20.0	2.0
355	20.0	2.0
356	20.0	2.0
357	19.0	2.0
358	18.0	2.0
359	17.0	2.0
360	18.0	2.0
361	19.0	2.0
362	16.0	2.0
363	16.0	2.0
364	17.0	2.0
365	20.0	2.0
366	17.0	2.0
367	17.0	2.0
368	19.0	2.0
369	19.0	2.0
370	19.0	2.0
371	12.0	2.0
372	13.0	2.0
373	13.0	2.0
374	13.0	2.0
375	14.0	2.0
376	13.0	2.0
377	12.0	2.0
378	16.0	2.0
379	14.0	2.0
380	20.0	2.0
381	17.0	2.0
382	20.0	2.0
383	16.0	2.0
384	21.0	2.0
385	20.0	2.0
386	22.0	2.0
387	21.0	2.0
388	20.0	2.0
389	18.0	2.0
390	16.0	2.0
391	16.0	2.0
392	16.0	2.0
393	16.0	2.0
394	17.0	2.0
395	18.0	2.0
396	23.0	2.0
397	23.0	2.0
398	21.0	2.0
399	22.0	2.0
400	22.0	2.0
401	25.0	2.0
402	27.0	2.0
403	24.0	2.0
404	26.0	2.0
405	25.0	2.0
406	25.0	2.0
407	25.0	2.0
408	26.0	2.0
409	26.0	2.0
410	26.0	2.0
411	26.0	2.0
412	25.0	2.0
413	21.0	2.0
414	20.0	2.0
415	17.0	2.0
416	17.0	2.0
417	17.0	2.0
418	18.0	2.0
419	18.0	2.0
420	19.0	2.0
421	23.0	2.0
422	24.0	2.0
423	21.0	2.0
424	20.0	2.0
425	20.0	2.0
426	21.0	2.0
427	20.0	2.0
428	19.0	2.0
429	21.0	2.0
430	24.0	2.0
431	17.0	2.0
432	17.0	2.0
433	12.0	2.0
434	18.0	2.0
435	18.0	2.0
436	20.0	2.0
437	17.0	2.0
438	11.0	2.0
439	10.0	2.0
440	7.0	2.0
441	7.0	2.0
442	8.0	2.0
443	6.0	2.0
444	10.0	2.0
445	12.0	2.0
446	12.0	2.0
447	12.0	2.0
448	9.0	2.0
449	9.0	2.0
450	6.0	2.0
451	6.0	2.0
452	8.0	2.0
453	6.0	2.0
454	6.0	2.0
455	7.0	2.0
456	6.0	2.0
457	5.0	2.0
458	5.0	2.0
459	6.0	2.0
460	6.0	2.0
461	6.0	2.0
462	6.0	2.0
463	6.0	2.0
464	6.0	2.0
465	7.0	2.0
466	6.0	2.0
467	6.0	2.0
468	7.0	2.0
469	7.0	2.0
470	11.0	2.0
471	12.0	2.0
472	12.0	2.0
473	13.0	2.0
474	7.0	2.0
475	6.0	2.0
476	6.0	2.0
477	6.0	2.0
478	6.0	2.0
479	6.0	2.0
480	6.0	2.0
481	3.0	2.0
482	3.0	2.0
483	6.0	2.0
484	6.0	2.0
485	4.0	2.0
486	3.0	2.0
487	3.0	2.0
488	3.0	2.0
489	3.0	2.0
490	3.0	2.0
491	4.0	2.0
492	3.0	2.0
493	3.0	2.0
494	2.0	2.0
495	2.0	2.0
496	2.0	2.0
497	2.0	2.0
498	2.0	2.0
499	8.0	2.0
500	6.0	2.0
501	6.0	2.0
502	2.0	2.0
503	2.0	2.0
504	2.0	2.0
505	4.0	2.0
506	6.0	2.0
507	6.0	2.0
508	7.0	2.0
509	6.0	2.0
510	6.0	2.0
511	8.0	2.0
512	8.0	2.0
513	8.0	2.0
514	12.0	2.0
515	11.0	2.0
516	11.0	2.0
517	15.0	2.0
518	15.0	2.0
519	15.0	2.0
520	14.0	2.0
521	14.0	2.0
522	14.0	2.0
523	18.0	2.0
524	17.0	2.0
525	13.0	2.0
526	14.0	2.0
527	13.0	2.0
528	13.0	2.0
529	13.0	2.0
530	9.0	2.0
531	9.0	2.0
532	9.0	2.0
533	6.0	2.0
534	5.0	2.0
535	5.0	2.0
536	7.0	2.0
537	5.0	2.0
538	7.0	2.0
539	5.0	2.0
540	5.0	2.0
541	5.0	2.0
542	5.0	2.0
543	5.0	2.0
544	8.0	2.0
545	8.0	2.0
546	5.0	2.0
547	8.0	2.0
548	8.0	2.0
549	8.0	2.0
550	6.0	2.0
551	6.0	2.0
552	6.0	2.0
553	7.0	2.0
554	6.0	2.0
555	13.0	2.0
556	12.0	2.0
557	12.0	2.0
558	13.0	2.0
559	10.0	2.0
560	12.0	2.0
561	12.0	2.0
562	13.0	2.0
563	11.0	2.0
564	11.0	2.0
565	13.0	2.0
566	13.0	2.0
567	13.0	2.0
568	14.0	2.0
569	13.0	2.0
570	12.0	2.0
571	12.0	2.0
572	11.0	2.0
573	15.0	2.0
574	14.0	2.0
575	13.0	2.0
576	12.0	2.0
577	13.0	2.0
578	17.0	2.0
579	17.0	2.0
580	22.0	2.0
581	25.0	2.0
582	16.0	2.0
583	17.0	2.0
584	17.0	2.0
585	16.0	2.0
586	19.0	2.0
587	11.0	2.0
588	22.0	2.0
589	23.0	2.0
590	24.0	2.0
591	24.0	2.0
592	23.0	2.0
593	18.0	2.0
594	13.0	2.0
595	12.0	2.0
596	13.0	2.0
597	13.0	2.0
598	12.0	2.0
599	12.0	2.0
600	14.0	2.0
601	14.0	2.0
602	13.0	2.0
603	14.0	2.0
604	13.0	2.0
605	13.0	2.0
606	13.0	2.0
607	14.0	2.0
608	11.0	2.0
609	13.0	2.0
610	10.0	2.0
611	12.0	2.0
612	14.0	2.0
613	14.0	2.0
614	14.0	2.0
615	14.0	2.0
616	14.0	2.0
617	12.0	2.0
618	13.0	2.0
619	16.0	2.0
620	13.0	2.0
621	14.0	2.0
622	13.0	2.0
623	12.0	2.0
624	12.0	2.0
625	12.0	2.0
626	12.0	2.0
627	16.0	2.0
628	16.0	2.0
629	15.0	2.0
630	15.0	2.0
631	23.0	2.0
632	18.0	2.0
633	14.0	2.0
634	18.0	2.0
635	19.0	2.0
636	16.0	2.0
637	16.0	2.0
638	16.0	2.0
639	16.0	2.0
640	16.0	2.0
641	16.0	2.0
642	14.0	2.0
643	14.0	2.0
644	14.0	2.0
645	13.0	2.0
646	12.0	2.0
647	8.0	2.0
648	8.0	2.0
649	5.0	2.0
650	5.0	2.0
651	5.0	2.0
652	5.0	2.0
653	5.0	2.0
654	7.0	2.0
655	5.0	2.0
656	8.0	2.0
657	8.0	2.0
658	8.0	2.0
659	6.0	2.0
660	10.0	2.0
661	6.0	2.0
662	2.0	2.0
663	5.0	2.0
664	1.0	2.0
665	1.0	2.0
666	4.0	2.0
667	1.0	2.0
668	0.0	2.0
