1	3.84003210068	0.5
2	2.87342500687	0.5
3	1.9006049633	0.5
4	1.91717100143	0.5
5	3.82758402824	0.5
6	3.83677101135	0.5
7	1.89779615402	0.5
8	1.88873314857	0.5
9	1.89551687241	0.5
10	4.76281189919	0.5
11	1.91306114197	0.5
12	1.93275499344	0.5
13	3.82326197624	0.5
14	3.82722401619	0.5
15	2.87653708458	0.5
16	1.9128510952	0.5
17	1.92723894119	0.5
18	6.73225498199	0.5
19	22.9496738911	0.5
20	2.8502869606	0.5
21	4.77121090889	0.5
22	4.81777501106	0.5
23	5.78601694107	0.5
24	1.93195104599	0.5
25	3.85199999809	0.5
26	6.80201506615	0.5
27	20.3969838619	0.5
28	3.89110708237	0.5
29	1.93383383751	0.5
30	20.1701550484	0.5
31	5.77340483665	0.5
32	1.92447495461	0.5
33	46.0651900768	0.5
34	5.78066396713	0.5
35	14.4114618301	0.5
36	4.80231308937	0.5
37	22.9348518848	0.5
38	24.7933399677	0.5
39	50.9403538704	0.5
40	109.06221509	0.5
41	28.342015028	0.5
42	62.2895960808	0.5
43	18.4321389198	0.5
44	5.83736014366	0.5
45	4.84784793854	0.5
46	6.79318499565	0.5
47	34.9904971123	0.5
48	4.87088894844	0.5
49	7.87097001076	0.5
50	3.97073698044	0.5
51	2.91932797432	0.5
52	8.77310800552	0.5
53	21.6274330616	0.5
54	1.97626805305	0.5
55	6.85137486458	0.5
56	16.8502039909	0.5
57	32.4937479496	0.5
58	5.87951302528	0.5
59	47.0041689873	0.5
60	18.5682010651	0.5
61	49.666675806	0.5
62	13.6591789722	0.5
63	4.89069914818	0.5
64	64.4833571911	0.5
65	6.7614030838	0.5
66	17.4788100719	0.5
67	15.5448319912	0.5
68	24.1521379948	0.5
1	4.85529518127	0.5
2	5.84481596947	0.5
3	8.7629301548	0.5
4	9.71336197853	0.5
5	10.6913740635	0.5
6	5.80087399483	0.5
7	7.69117999077	0.5
8	4.79884195328	0.5
9	9.57600498199	0.5
10	1.8983631134	0.5
11	1.9125828743	0.5
12	16.3606920242	0.5
13	10.6859648228	0.5
14	6.75768494606	0.5
15	9.73877692223	0.5
16	6.80974507332	0.5
17	5.87685894966	0.5
18	8.87712311745	0.5
19	60.4113719463	0.5
20	20.6364910603	0.5
21	19.7787330151	0.5
22	7.91294193268	0.5
23	7.92744112015	0.5
24	3.00010490417	0.5
25	22.0675859451	0.5
26	98.4710950851	0.5
27	4.08835887909	0.5
28	6.09385108948	0.5
29	37.2373049259	0.5
30	2.01783895493	0.5
31	19.2615549564	0.5
32	15.2870559692	0.5
33	44.0967068672	0.5
1	5.80545902252	0.5
2	1.91769385338	0.5
3	1.93237495422	0.5
4	1.91999197006	0.5
5	1.91607809067	0.5
6	2.90517783165	0.5
7	1.95722913742	0.5
8	1.98516011238	0.5
9	3.98266291618	0.5
10	2.99049401283	0.5
11	4.98775887489	0.5
12	1.98494696617	0.5
13	3.99309206009	0.5
14	1.99954795837	0.5
15	12.0374839306	0.5
16	4.04828000069	0.5
17	3.07832980156	0.5
18	7.0727519989	0.5
19	4.99200296402	0.5
20	1.99331307411	0.5
21	1.99937796593	0.5
22	7.96091198921	0.5
23	4.98668289185	0.5
24	1.9878320694	0.5
25	5.95951914787	0.5
26	5.05365395546	0.5
27	3.07067108154	0.5
28	7.14231181145	0.5
29	16.2827191353	0.5
30	4.07802700996	0.5
31	13.2147111893	0.5
32	4.0281021595	0.5
33	5.03783917427	0.5
34	9.07469296455	0.5
35	2.03565216064	0.5
36	10.2286810875	0.5
37	13.1632359028	0.5
38	17.2384600639	0.5
39	4.03708100319	0.5
40	10.1141030788	0.5
41	3.02160191536	0.5
42	136.387047052	0.5
43	14.2230679989	0.5
44	9.10770010948	0.5
45	3.04277396202	0.5
46	8.12254619598	0.5
47	5.10617613792	0.5
48	4.05537390709	0.5
49	9.11689901352	0.5
50	4.05493283272	0.5
51	11.2133929729	0.5
52	28.3867719173	0.5
53	24.1588988304	0.5
54	2.01466202736	0.5
55	18.1315989494	0.5
56	2.01950287819	0.5
57	16.1823232174	0.5
58	22.2878870964	0.5
59	2.04043483734	0.5
60	53.0525131226	0.5
61	23.4712991714	0.5
62	9.07210111618	0.5
63	19.1886239052	0.5
64	22.8840119839	0.5
65	2.00787091255	0.5
66	3.97384500504	0.5
67	3.98424887657	0.5
68	13.8614640236	0.5
69	24.8152270317	0.5
70	3.01655697823	0.5
71	16.1729938984	0.5
72	7.13240504265	0.5
73	3.04294395447	0.5
74	5.06385779381	0.5
75	22.3133091927	0.5
76	17.3034300804	0.5
77	3.05448698997	0.5
78	4.02552103996	0.5
79	4.05094909668	0.5
80	52.3562829494	0.5
81	13.0760009289	0.5
82	287.432584047	0.5
83	18.5973329544	0.5
84	20.7634038925	0.5
85	13.9568271637	0.5
86	35.1483151913	0.5
87	32.3640401363	0.5
88	19.1690540314	0.5
89	3.03626489639	0.5
90	16.1339170933	0.5
91	7.0443918705	0.5
92	4.97900700569	0.5
93	23.7534189224	0.5
94	26.8810219765	0.5
95	31.8488438129	0.5
96	51.369644165	0.5
97	17.767398119	0.5
98	6.90983581543	0.5
99	14.0062339306	0.5
100	49.8992810249	0.5
101	5.05681395531	0.5
102	60.7243368626	0.5
103	45.3821530342	0.5
104	20.1523318291	0.5
105	5.07286596298	0.5
106	9.09486508369	0.5
107	2.03827095032	0.5
108	2.00739979744	0.5
109	4.03960394859	0.5
110	5.06760406494	0.5
111	64.554751873	0.5
112	12.0491979122	0.5
113	10.0176730156	0.5
114	2.00945806503	0.5
115	5.09605312347	0.5
116	13.275842905	0.5
117	14.3210029602	0.5
118	6.16489577293	0.5
119	20.5629839897	0.5
120	2.05340600014	0.5
121	14.1963560581	0.5
1	1.90655088425	0.5
2	3.80609107018	0.5
3	2.8641269207	0.5
4	5.67550301552	0.5
5	7.678358078	0.5
6	4.79312515259	0.5
7	3.85102295876	0.5
8	8.71183419228	0.5
9	7.78059720993	0.5
10	3.87152504921	0.5
11	33.9143631458	0.5
12	9.73459815979	0.5
13	2.90103697777	0.5
14	3.86278104782	0.5
15	10.6187040806	0.5
16	4.95706915855	0.5
17	7.90894293785	0.5
18	45.3580729961	0.5
19	9.90536904335	0.5
20	1.99797105789	0.5
21	18.8502728939	0.5
22	17.0946550369	0.5
23	9.02553915977	0.5
24	5.01010584831	0.5
25	9.07392787933	0.5
26	13.1401910782	0.5
27	9.119535923	0.5
28	2.01092791557	0.5
29	33.531334877	0.5
30	3.04141902924	0.5
31	11.1107120514	0.5
32	3.06868982315	0.5
33	20.2791209221	0.5
34	9.12074494362	0.5
35	7.12060904503	0.5
36	5.09740209579	0.5
37	4.10637903214	0.5
38	4.12338113785	0.5
39	17.4731431007	0.5
40	2.0544860363	0.5
41	3.03441810608	0.5
42	2.00853300095	0.5
43	22.1941468716	0.5
44	12.1103849411	0.5
45	5.04898905754	0.5
46	5.06252980232	0.5
1	3.86659789085	0.5
2	1.91101908684	0.5
3	1.92023611069	0.5
4	3.84914803505	0.5
5	3.84184908867	0.5
6	1.93837404251	0.5
7	5.8180668354	0.5
8	3.89737701416	0.5
9	2.93053197861	0.5
10	2.92587399483	0.5
11	2.9107530117	0.5
12	2.93664288521	0.5
13	2.92902493477	0.5
14	1.9406170845	0.5
15	1.93293786049	0.5
16	2.90246200562	0.5
17	1.94329404831	0.5
18	1.94915008545	0.5
19	1.96508789062	0.5
20	1.97680997849	0.5
21	2.98382377625	0.5
22	12.8154830933	0.5
23	4.92536783218	0.5
24	2.99551796913	0.5
25	1.99016594887	0.5
26	5.94023799896	0.5
27	2.96265006065	0.5
28	8.86408996582	0.5
29	3.95275712013	0.5
30	2.99523377419	0.5
31	3.96158695221	0.5
32	20.8465380669	0.5
33	2.99469685555	0.5
34	3.99136400223	0.5
35	2.99942708015	0.5
36	7.94868516922	0.5
37	6.92624497414	0.5
38	40.9464838505	0.5
39	10.6214408875	0.5
40	4.81296300888	0.5
41	2.91296291351	0.5
42	1.93551397324	0.5
43	6.80459499359	0.5
44	6.79953789711	0.5
45	47.7014300823	0.5
46	4.85556006432	0.5
47	1.93451499939	0.5
48	8.72809386253	0.5
49	9.70483398438	0.5
50	29.2260670662	0.5
51	4.85154700279	0.5
52	87.5703909397	0.5
53	1.9422018528	0.5
54	9.78952908516	0.5
55	13.5439369678	0.5
56	2.8995847702	0.5
57	2.91517901421	0.5
58	24.1618471146	0.5
59	3.78505086899	0.5
60	2.84512400627	0.5
61	1.91473698616	0.5
62	9.57310605049	0.5
63	1.92462611198	0.5
64	3.8684990406	0.5
65	2.86799693108	0.5
66	2.8831179142	0.5
67	10.6055860519	0.5
68	1.90384697914	0.5
69	1.91232013702	0.5
70	10.5993921757	0.5
71	3.86891388893	0.5
72	8.76931500435	0.5
73	3.84931993484	0.5
74	1.92764782906	0.5
75	1.93690490723	0.5
76	6.7692091465	0.5
77	2.89176177979	0.5
78	6.74760103226	0.5
79	7.63600301743	0.5
80	11.4189388752	0.5
81	1.90102291107	0.5
82	12.4705939293	0.5
83	1.92769598961	0.5
84	3.8945889473	0.5
85	10.6848790646	0.5
86	1.94318318367	0.5
87	12.6027421951	0.5
88	1.91958117485	0.5
89	3.84573888779	0.5
90	4.82872700691	0.5
91	10.6615459919	0.5
92	4.83942699432	0.5
93	1.9231171608	0.5
94	3.82875919342	0.5
95	2.88396811485	0.5
96	10.5794889927	0.5
97	3.84865903854	0.5
98	2.87282896042	0.5
99	1.92183685303	0.5
100	10.516644001	0.5
101	6.73354506493	0.5
102	1.91875100136	0.5
103	7.67820191383	0.5
104	9.60604000092	0.5
105	4.79467892647	0.5
106	7.63850808144	0.5
107	6.72633886337	0.5
108	1.90128898621	0.5
109	10.4370410442	0.5
110	1.91293287277	0.5
111	2.88673210144	0.5
112	14.3609418869	0.5
113	24.1798501015	0.5
114	2.91078710556	0.5
115	3.9289188385	0.5
116	13.6615290642	0.5
117	6.76145219803	0.5
1	1.90402007103	0.5
2	1.89234900475	0.5
3	2.85543417931	0.5
4	1.91111803055	0.5
5	2.85739588737	0.5
6	1.89385294914	0.5
7	2.87928795815	0.5
8	1.93096399307	0.5
9	1.95554089546	0.5
10	2.92565584183	0.5
11	2.92571806908	0.5
12	3.90997815132	0.5
13	2.92141890526	0.5
14	1.93537211418	0.5
15	1.92513084412	0.5
16	3.89347910881	0.5
17	1.93146395683	0.5
18	2.90427780151	0.5
19	1.92389798164	0.5
20	2.90466809273	0.5
21	1.94107699394	0.5
22	3.92196202278	0.5
23	2.92930006981	0.5
24	2.94292092323	0.5
25	8.79490590096	0.5
26	4.88106298447	0.5
27	2.96529603004	0.5
28	14.83770895	0.5
29	2.9718298912	0.5
30	10.8870580196	0.5
31	4.95056200027	0.5
32	2.9532661438	0.5
33	5.96443915367	0.5
34	7.8888528347	0.5
35	16.8597528934	0.5
36	11.0816841125	0.5
37	9.08473396301	0.5
38	12.880494833	0.5
39	1.96968698502	0.5
40	3.92673993111	0.5
41	10.8204059601	0.5
42	12.7652909756	0.5
43	9.84864902496	0.5
44	3.95266604424	0.5
45	12.9093749523	0.5
46	9.98109912872	0.5
47	2.9509370327	0.5
48	2.96808195114	0.5
49	3.97440385818	0.5
50	10.8818330765	0.5
51	19.8024578094	0.5
52	6.90177512169	0.5
53	8.90003490448	0.5
54	11.8323879242	0.5
55	4.95526790619	0.5
56	1.97813892365	0.5
57	25.6347661018	0.5
58	13.928412199	0.5
59	1.96786904335	0.5
60	11.7825779915	0.5
61	21.5759761333	0.5
62	43.7935669422	0.5
63	8.708796978	0.5
64	7.69180202484	0.5
65	9.59622693062	0.5
66	7.69372606277	0.5
67	7.73223400116	0.5
68	58.9668908119	0.5
69	6.80207395554	0.5
70	14.56854105	0.5
71	17.6394429207	0.5
72	19.6349470615	0.5
73	9.72085094452	0.5
74	5.80726885796	0.5
75	4.90515112877	0.5
76	23.6531569958	0.5
77	18.6611850262	0.5
78	3.92273688316	0.5
79	9.8753080368	0.5
80	8.83140301704	0.5
81	28.4405150414	0.5
82	7.77522301674	0.5
83	5.79067516327	0.5
84	12.6418230534	0.5
85	43.8246638775	0.5
86	90.2631399632	0.5
87	13.643283844	0.5
88	27.2578549385	0.5
89	83.4356989861	0.5
90	36.1910851002	0.5
91	18.3123519421	0.5
92	17.487803936	0.5
93	9.84407615662	0.5
94	19.622467041	0.5
95	7.81914710999	0.5
96	11.8076229095	0.5
97	4.8738899231	0.5
98	7.75968718529	0.5
99	19.3261890411	0.5
100	61.5738120079	0.5
101	39.0869660378	0.5
102	8.62132287025	0.5
103	9.59367918968	0.5
104	6.71163201332	0.5
105	1.92531108856	0.5
106	1.91918301582	0.5
107	2.8985850811	0.5
108	82.3367888927	0.5
109	25.1315860748	0.5
110	11.4719810486	0.5
111	10.561029911	0.5
112	6.72132492065	0.5
113	12.5611319542	0.5
114	8.5694270134	0.5
115	7.63246202469	0.5
116	43.0696730614	0.5
117	20.0499289036	0.5
118	3.80372405052	0.5
119	44.3799369335	0.5
120	3.77284502983	0.5
121	10.4156870842	0.5
122	20.9311301708	0.5
123	17.9876492023	0.5
124	4.74575996399	0.5
125	13.2896819115	0.5
126	11.3840489388	0.5
127	21.0733678341	0.5
128	2.8564209938	0.5
129	1.9218070507	0.5
130	10.6376008987	0.5
131	25.2882270813	0.5
132	9.58540582657	0.5
133	5.77594017982	0.5
134	7.59933304787	0.5
135	8.54698991776	0.5
136	1.92097091675	0.5
137	1.91349101067	0.5
138	2.86440300941	0.5
139	10.5783019066	0.5
140	15.3709139824	0.5
141	4.85279607773	0.5
142	9.7285990715	0.5
143	3.88772296906	0.5
144	15.5525021553	0.5
145	8.73791098595	0.5
146	5.70950388908	0.5
147	10.521791935	0.5
148	7.68143296242	0.5
149	5.74687600136	0.5
150	18.1155800819	0.5
151	20.7631180286	0.5
152	6.59732699394	0.5
153	6.59047889709	0.5
154	19.8792748451	0.5
155	6.67992806435	0.5
156	4.77959299088	0.5
157	6.6764960289	0.5
158	4.73135995865	0.5
159	14.1616010666	0.5
160	6.64635205269	0.5
161	1.89479279518	0.5
1	1.92702507973	0.5
2	1.9306499958	0.5
3	1.9211769104	0.5
4	2.87189292908	0.5
5	3.82422089577	0.5
6	2.86939287186	0.5
7	3.81673192978	0.5
8	2.8411450386	0.5
9	1.89543795586	0.5
10	1.89947295189	0.5
11	5.74837183952	0.5
12	2.8903169632	0.5
13	1.93315887451	0.5
14	1.9538090229	0.5
15	3.91673803329	0.5
16	1.97414302826	0.5
17	5.84934401512	0.5
18	7.80690193176	0.5
19	1.97027683258	0.5
20	1.95771098137	0.5
21	2.98580503464	0.5
22	2.95389795303	0.5
23	5.96087408066	0.5
24	5.97589111328	0.5
25	6.03847789764	0.5
26	3.97267508507	0.5
27	6.92288708687	0.5
28	1.94154500961	0.5
29	4.83773303032	0.5
30	4.92960810661	0.5
31	6.03696489334	0.5
32	4.98195195198	0.5
33	11.8786969185	0.5
34	17.7589719296	0.5
35	13.8927590847	0.5
36	2.01164603233	0.5
37	10.0791599751	0.5
38	14.0375061035	0.5
39	4.00694799423	0.5
40	33.2376830578	0.5
41	38.2315540314	0.5
42	3.04743885994	0.5
43	7.10120797157	0.5
44	2.01244401932	0.5
45	14.9659500122	0.5
46	12.2000510693	0.5
47	4.04588294029	0.5
48	21.1372499466	0.5
49	37.0739359856	0.5
50	75.5681140423	0.5
51	70.6293349266	0.5
52	8.98930597305	0.5
53	10.9443030357	0.5
54	31.958106041	0.5
55	4.02425694466	0.5
56	5.03346014023	0.5
57	32.2191061974	0.5
58	9.03182196617	0.5
59	5.0766479969	0.5
60	1.99729609489	0.5
61	9.03419303894	0.5
62	10.8864839077	0.5
63	2.01118993759	0.5
64	35.7999429703	0.5
65	3.02035307884	0.5
66	8.02616000175	0.5
67	11.959321022	0.5
68	2.99403810501	0.5
69	9.9549510479	0.5
70	4.9765651226	0.5
71	23.9507801533	0.5
72	7.00861001015	0.5
73	24.0555169582	0.5
74	2.00940203667	0.5
75	4.03088092804	0.5
76	52.470058918	0.5
77	6.9700460434	0.5
78	6.98757600784	0.5
79	5.02160191536	0.5
80	5.00080609322	0.5
1	1.93657612801	0.5
2	1.90895199776	0.5
3	1.90819621086	0.5
4	1.91784620285	0.5
5	1.93416714668	0.5
6	1.92216897011	0.5
7	4.77731800079	0.5
8	1.91698598862	0.5
9	2.90116906166	0.5
10	5.77478313446	0.5
11	6.76809883118	0.5
12	3.91431093216	0.5
13	13.7363491058	0.5
14	5.89059495926	0.5
15	26.498939991	0.5
16	5.98572206497	0.5
17	2.01604986191	0.5
18	5.06562495232	0.5
19	8.05021595955	0.5
20	2.01596903801	0.5
21	11.1144030094	0.5
22	51.4822020531	0.5
23	6.04406189919	0.5
24	3.00821208954	0.5
25	28.959043026	0.5
26	2.02706122398	0.5
27	44.0896129608	0.5
28	54.326182127	0.5
29	21.9087238312	0.5
30	21.785435915	0.5
31	6.86211204529	0.5
32	83.7360818386	0.5
33	11.9012901783	0.5
34	11.8951411247	0.5
35	19.8957600594	0.5
36	16.8675069809	0.5
37	4.92056107521	0.5
38	4.88011693954	0.5
39	4.89918804169	0.5
40	16.5102300644	0.5
41	24.1710350513	0.5
42	9.72150611877	0.5
43	18.4251739979	0.5
44	24.27054286	0.5
45	47.4277360439	0.5
46	94.7741129398	0.5
47	49.526252985	0.5
48	7.74131798744	0.5
49	11.6443479061	0.5
50	9.7303071022	0.5
51	9.68517208099	0.5
52	25.2373459339	0.5
53	3.86897611618	0.5
54	13.6319479942	0.5
1	1.93755698204	0.5
2	1.90739917755	0.5
3	2.85646510124	0.5
4	1.91162490845	0.5
5	2.84206604958	0.5
6	1.87587809563	0.5
7	3.77416706085	0.5
8	7.53940081596	0.5
9	4.6599240303	0.5
10	9.42132782936	0.5
11	4.69982194901	0.5
12	5.64696097374	0.5
13	32.3312180042	0.5
14	16.2002940178	0.5
15	7.5942530632	0.5
16	4.80478715897	0.5
17	7.61573290825	0.5
18	1.91237783432	0.5
19	4.80918598175	0.5
20	3.82898807526	0.5
21	1.89850401878	0.5
22	12.3025810719	0.5
23	4.76390385628	0.5
24	2.88049697876	0.5
25	71.1946220398	0.5
26	14.4050719738	0.5
27	1.8930118084	0.5
28	18.1125509739	0.5
29	8.61111688614	0.5
30	26.8095290661	0.5
31	6.79471087456	0.5
32	16.3695361614	0.5
33	12.4495837688	0.5
34	8.54206490517	0.5
35	8.61735987663	0.5
36	8.54788994789	0.5
37	1.88892602921	0.5
38	5.63014698029	0.5
39	11.323333025	0.5
40	4.78094100952	0.5
41	13.4657781124	0.5
42	7.64711809158	0.5
43	9.53786802292	0.5
44	1.90646100044	0.5
45	6.65018105507	0.5
46	5.65983390808	0.5
47	20.9425990582	0.5
48	8.67362308502	0.5
49	2.89129900932	0.5
50	11.7890381813	0.5
1	1.95566916466	0.5
2	1.91291904449	0.5
3	4.7435760498	0.5
4	1.90746903419	0.5
5	6.68667006493	0.5
6	1.90728902817	0.5
7	1.91673016548	0.5
8	3.85486602783	0.5
9	1.92465686798	0.5
10	1.90753507614	0.5
11	3.7627351284	0.5
12	1.88416481018	0.5
13	1.89309716225	0.5
14	6.6452050209	0.5
15	3.78030610085	0.5
16	3.81980490685	0.5
17	3.8597881794	0.5
18	1.9036397934	0.5
19	2.84128594398	0.5
20	5.7036190033	0.5
21	7.50736999512	0.5
22	1.8954501152	0.5
23	5.74500203133	0.5
24	6.71066904068	0.5
25	50.6162559986	0.5
26	6.6764831543	0.5
27	5.73818302155	0.5
28	1.90797996521	0.5
29	18.2275249958	0.5
30	15.3221149445	0.5
31	14.3741009235	0.5
32	7.59999608994	0.5
33	6.66489315033	0.5
34	9.51185393333	0.5
35	25.6056249142	0.5
36	9.47031784058	0.5
37	9.43361496925	0.5
38	6.65263009071	0.5
39	5.72449398041	0.5
40	49.5506138802	0.5
41	10.4883720875	0.5
42	23.7468848228	0.5
43	36.5787520409	0.5
44	5.65396499634	0.5
45	15.2089519501	0.5
46	9.54575896263	0.5
47	10.5059900284	0.5
48	2.86377286911	0.5
49	12.4268569946	0.5
50	1.91070795059	0.5
51	1.92528796196	0.5
52	4.80685305595	0.5
53	9.650192976	0.5
54	14.5395469666	0.5
55	17.2686178684	0.5
56	28.333974123	0.5
57	3.91568922997	0.5
