0.997480
0.996936
0.995347
0.991583
0.985890
0.969190
0.929736
0.828399
0.708526
0.569561
0.402164
0.291261
0.265688
0.273440
0.318131
0.426263
0.585975
0.703800
0.818609
0.921372
0.968619
0.981288
0.983250
0.983251
0.974161
0.960157
0.947841
0.926053
0.861593
0.769048
0.691984
0.657443
0.572551
0.554301
0.577711
0.592675
0.613702
0.671995
0.721123
0.770959
0.791477
0.833035
0.817996
0.740343
0.644103
0.531527
0.419348
0.318375
0.260290
0.217649
0.186995
0.208589
0.256254
0.330320
0.433757
0.574048
0.661158
0.716849
0.789678
0.863607
