0.599170
0.618285
0.637480
0.648219
0.509769
0.525368
0.425610
0.450668
0.483068
0.390993
0.418646
0.352862
0.352862
0.352862
0.352862
0.321458
0.324872
0.268042
0.194234
0.139895
0.125101
0.164327
0.142424
0.088832
0.088832
0.053060
0.094817
0.078022
0.129801
0.125101
0.116183
0.142424
0.106997
0.155435
0.150080
0.085092
0.056825
0.041405
0.035586
0.055536
0.054297
0.043307
0.046336
0.046336
0.037156
0.035586
0.035586
0.061840
0.059222
0.069024
0.055536
0.043307
0.033407
0.038858
0.038858
0.022667
0.016021
0.025762
0.030611
0.048328
