res	aa	Beta	Turn	Helix	Aggregation	Conc-Stab_Aggregation
01	  M	  0.6	  0.0	0.000	0.000	0.000
02	  I	  0.9	  0.0	0.000	0.000	0.000
03	  F	  2.3	  0.0	0.000	0.000	0.000
04	  N	  1.7	  0.0	0.000	0.000	0.000
05	  K	  1.4	  0.0	0.000	0.000	0.000
06	  P	  0.0	  0.0	0.000	0.000	0.000
07	  I	  0.0	  0.0	0.000	0.000	0.000
08	  P	  0.0	  0.0	0.125	0.000	0.000
09	  E	  0.0	  0.0	0.125	0.000	0.000
10	  A	  0.3	  0.0	0.125	0.000	0.000
11	  M	  4.4	  0.0	0.125	0.000	0.000
12	  R	  4.6	  0.0	0.125	0.000	0.000
13	  V	  4.4	  0.0	0.125	0.000	0.000
14	  P	  0.2	  0.2	0.000	0.000	0.000
15	  I	  0.1	  0.6	0.000	0.000	0.000
16	  G	  0.1	  1.0	0.000	0.000	0.000
17	  A	  0.1	  1.0	0.000	0.000	0.000
18	  N	  0.0	  1.0	0.360	0.000	0.000
19	  E	  0.1	  0.6	0.360	0.000	0.000
20	  K	  0.2	  0.3	0.360	0.000	0.000
21	  E	  0.2	  0.3	0.360	0.000	0.000
22	  S	  1.0	  1.4	0.360	0.000	0.000
23	  S	  1.1	  1.3	0.360	0.000	0.000
24	  S	  1.0	  1.2	0.204	0.000	0.000
25	  N	  0.1	  1.1	0.204	0.000	0.000
26	  P	  0.0	  0.0	0.000	0.000	0.000
27	  P	  0.0	  0.0	0.000	0.000	0.000
28	  V	 10.0	  0.0	0.000	0.000	0.000
29	  F	 10.0	  0.0	0.000	0.000	0.000
30	  V	 10.0	  0.0	0.000	0.000	0.000
