1	1
2	1
3	1
4	1
5	2
6	2
7	1
8	2
9	1
10	2
11	1
12	1
13	1
14	2
15	1
16	1
17	5
18	1
19	6
20	7
21	3
22	1
23	4
24	1
25	1
26	2
27	3
28	2
29	1
30	1
31	16
32	2
33	4
34	5
35	6
36	1
37	6
38	3
39	1
40	2
41	7
42	4
43	3
44	3
45	2
46	3
47	3
48	2
49	1
50	1
51	2
52	1
53	1
54	6
55	1
56	3
57	4
58	2
59	2
60	3
61	1
62	2
63	1
64	2
65	4
66	1
67	18
68	2
69	4
70	3
71	1
72	2
73	1
74	2
75	4
76	2
77	2
78	4
79	1
80	4
81	5
82	2
83	7
84	1
85	2
86	1
87	1
88	1
89	3
90	2
91	3
92	2
93	5
94	1
95	4
96	4
97	1
98	1
99	1
100	1
101	3
102	1
103	2
104	1
105	1
106	13
107	3
108	3
109	2
110	3
111	1
112	3
113	1
114	1
115	2
116	3
117	2
118	1
119	3
120	1
121	4
1	1
2	1
3	2
4	7
5	3
6	2
7	1
8	2
9	1
10	2
11	1
12	1
13	1
14	2
15	1
16	2
17	2
18	2
19	1
20	1
21	1
22	1
23	1
24	1
25	2
26	2
27	3
28	3
29	1
30	3
31	7
32	1
33	2
34	2
35	2
36	6
37	1
38	1
39	2
40	7
41	4
42	1
43	5
44	3
45	2
46	1
47	5
48	2
49	2
50	13
51	1
52	2
53	6
54	1
55	2
56	10
57	1
58	2
59	1
60	4
61	5
62	8
63	4
64	1
65	8
66	11
67	10
68	15
69	11
70	12
71	2
72	2
73	1
74	18
75	7
76	2
77	1
78	1
79	6
80	1
81	3
82	2
83	1
84	2
85	2
86	1
87	4
88	2
89	2
90	3
91	5
92	2
93	2
94	3
95	1
96	1
97	2
98	2
99	1
100	6
101	7
102	2
103	3
104	6
105	5
106	4
107	8
108	3
109	8
110	1
111	11
112	12
113	12
114	4
115	5
116	19
117	31
118	10
119	1
120	1
121	14
122	1
123	6
124	2
125	1
126	8
127	3
128	2
129	11
130	1
131	3
132	3
133	3
134	1
135	3
136	1
137	11
138	1
139	1
140	2
141	9
142	7
143	44
144	1
145	1
146	8
147	5
148	3
149	1
150	8
151	2
152	1
153	2
154	2
155	2
156	1
157	3
158	2
159	2
160	1
1	1
2	1
3	2
4	1
5	1
6	1
7	3
8	1
9	5
10	1
11	2
12	1
13	1
14	3
15	1
16	2
17	3
18	1
19	2
20	2
21	1
22	2
23	3
24	1
25	2
26	1
27	3
28	2
29	6
30	5
31	1
32	14
33	1
34	1
35	4
36	1
37	1
38	1
39	4
40	2
41	1
42	1
43	1
44	3
45	5
46	1
47	3
48	7
49	2
50	1
51	8
52	2
53	1
54	2
55	2
56	3
57	3
58	1
59	1
60	10
61	5
62	2
63	5
64	4
65	1
66	3
67	2
68	5
69	4
70	1
71	1
72	1
73	1
74	1
75	1
76	1
77	2
78	1
79	1
80	6
81	6
82	1
83	1
84	10
85	4
86	2
87	2
88	2
89	1
90	14
91	8
92	5
93	3
94	5
95	2
96	4
97	5
98	4
99	2
100	2
101	3
102	1
103	1
104	3
105	2
106	8
107	2
108	1
109	1
110	1
111	1
112	3
113	6
114	5
115	8
116	1
117	1
118	2
119	3
120	1
121	1
122	2
123	2
124	2
125	3
126	1
127	5
128	7
129	4
130	2
131	1
132	1
133	1
134	3
135	1
136	3
137	2
138	2
139	5
140	4
141	1
142	2
143	2
144	2
145	1
146	2
147	1
148	2
149	2
150	2
151	4
152	2
153	3
154	1
155	3
156	2
157	2
158	9
159	2
160	2
161	3
162	2
163	6
164	1
165	2
166	1
167	1
168	2
169	1
170	1
171	1
172	4
173	15
174	5
175	1
176	5
177	1
178	3
179	1
180	9
181	13
182	6
183	11
184	1
185	5
186	12
187	1
188	10
189	3
190	9
191	1
192	4
193	1
194	6
195	3
196	14
197	2
198	7
199	5
200	1
201	5
202	1
203	1
204	1
205	8
206	4
207	2
208	3
209	8
210	1
211	1
212	19
213	17
214	8
215	2
216	11
217	3
218	22
219	1
220	5
221	1
222	2
223	3
224	4
225	2
226	3
227	1
228	4
229	1
230	3
231	2
232	1
233	1
234	4
235	1
236	2
237	4
238	2
239	2
240	4
241	4
242	8
243	1
244	1
245	1
246	3
247	4
248	5
249	1
250	5
251	12
252	7
253	1
254	3
255	1
256	2
257	5
258	1
259	1
260	1
261	2
262	10
263	10
264	4
265	1
266	4
267	5
268	1
269	2
270	9
271	1
272	1
273	2
274	1
275	2
276	1
277	2
278	1
279	3
280	3
281	16
282	4
283	3
284	4
285	8
286	6
287	3
288	2
289	1
290	9
291	10
292	3
293	2
294	1
295	2
296	1
297	3
298	4
299	3
1	1
2	3
3	2
4	1
5	1
6	1
7	1
8	1
9	2
10	1
11	1
12	3
13	1
14	1
15	1
16	4
17	2
18	1
19	2
20	1
21	2
22	1
23	2
24	1
25	2
26	4
27	3
28	3
29	4
30	4
31	1
32	3
33	3
34	6
35	5
36	1
37	1
38	2
39	1
40	1
41	2
42	6
43	5
44	2
45	2
46	1
47	1
48	3
49	7
50	3
51	1
52	2
53	6
54	4
55	5
56	3
57	3
58	3
59	1
60	5
61	2
62	3
63	1
64	1
65	2
66	4
67	1
68	5
69	2
70	1
71	9
72	2
73	1
74	2
75	2
76	1
77	2
78	10
79	2
80	1
81	2
82	1
83	5
84	2
85	3
86	2
87	1
88	2
89	8
90	1
91	10
92	3
93	1
94	1
95	1
96	4
97	4
98	2
99	2
100	1
101	6
102	3
103	1
104	5
105	6
106	15
107	18
108	5
109	8
110	2
111	2
112	3
113	12
114	13
115	1
116	1
117	4
118	2
119	7
120	1
121	1
122	1
123	4
124	7
125	2
126	1
127	1
128	3
129	3
130	2
131	1
132	6
133	1
134	2
135	1
136	1
137	4
138	6
139	2
140	6
141	6
142	1
143	2
144	2
1	1
2	1
3	2
4	1
5	1
6	1
7	2
8	5
9	1
10	3
11	4
12	1
13	4
14	1
15	2
16	4
17	2
18	3
19	1
20	2
21	1
22	1
23	2
24	2
25	5
26	1
27	7
28	5
29	4
30	21
31	3
32	4
33	6
34	6
35	1
36	2
37	1
38	5
39	3
40	1
41	1
42	3
43	11
44	2
45	5
46	1
47	1
48	2
49	4
50	2
51	5
52	4
53	20
54	1
55	9
56	1
57	4
58	2
59	1
60	3
61	4
62	1
63	2
64	1
65	4
66	2
67	1
68	4
69	1
70	1
71	2
72	2
73	1
74	1
75	4
76	1
77	1
78	3
79	3
80	3
81	4
82	1
83	3
84	5
85	1
86	1
87	1
88	1
89	1
90	1
91	3
92	2
93	1
94	1
95	1
96	1
97	4
98	3
99	2
100	4
101	3
102	1
103	6
104	4
105	2
106	6
107	5
108	14
109	3
110	2
111	3
112	7
113	2
114	9
115	18
116	2
117	1
118	2
119	1
120	4
121	2
122	4
123	1
124	3
125	3
126	1
127	4
128	3
129	1
130	1
131	1
132	2
133	7
134	1
135	1
136	3
137	1
138	1
139	3
140	5
141	2
142	4
143	2
144	2
145	7
146	3
147	4
148	6
149	2
150	9
151	3
152	6
153	3
154	3
155	2
156	1
157	1
158	1
159	4
160	1
161	1
162	1
163	3
164	2
165	2
166	1
167	5
168	2
169	1
170	4
171	6
172	2
173	4
174	2
175	3
176	1
177	2
178	1
179	2
180	1
181	1
182	1
183	5
184	2
185	3
186	3
187	3
188	1
189	2
190	2
191	22
192	2
1	1
2	2
3	3
4	1
5	1
6	2
7	1
8	1
9	1
10	1
11	1
12	2
13	6
14	1
15	3
16	3
17	2
18	1
19	2
20	1
21	10
22	2
23	1
24	1
25	3
26	1
27	1
28	1
29	1
30	1
31	3
32	5
33	1
34	1
35	1
36	2
37	3
38	6
39	3
40	3
41	1
42	1
43	4
44	2
45	2
46	1
47	2
48	8
49	1
50	3
51	1
52	2
53	5
54	11
55	9
56	7
57	1
58	1
59	3
60	5
61	7
62	8
63	3
64	2
65	8
1	1
2	3
3	2
4	1
5	2
6	1
7	1
8	2
9	3
10	1
11	3
12	1
13	1
14	11
15	2
16	3
17	2
18	1
19	1
20	6
21	5
22	1
23	5
24	1
25	2
26	2
27	7
28	1
29	2
30	1
31	1
32	1
33	2
34	9
35	2
36	3
37	1
38	3
39	1
40	2
41	2
42	2
43	1
44	2
45	3
46	1
47	4
48	7
49	2
50	2
51	4
52	3
53	1
54	11
55	7
56	1
57	3
58	7
59	2
60	1
61	7
62	2
63	2
64	7
65	4
66	2
67	1
68	9
69	2
70	1
71	1
72	1
73	1
74	1
75	2
76	3
77	4
78	5
79	1
80	3
81	7
82	2
83	4
84	3
85	3
86	1
87	3
88	12
89	3
90	3
91	1
92	4
93	3
94	2
95	1
96	2
97	11
98	2
99	5
100	3
101	1
102	1
103	4
104	1
105	3
106	4
107	5
108	1
109	1
110	2
111	2
112	2
113	4
114	1
115	1
116	1
117	1
118	1
119	1
120	4
121	1
122	7
123	3
124	3
125	7
126	2
127	2
128	4
129	9
130	1
131	2
132	2
133	3
134	4
135	5
136	2
137	1
138	2
139	5
140	5
141	1
142	4
143	1
144	1
145	2
146	1
147	1
148	2
149	4
150	1
151	4
152	1
153	2
154	2
155	4
156	1
157	3
158	2
159	1
160	4
161	2
162	11
163	1
164	1
165	3
166	4
167	3
168	4
169	1
170	2
171	2
172	3
173	7
174	3
175	4
176	3
177	1
178	3
179	1
180	1
181	3
182	4
183	2
184	4
185	2
186	2
187	4
188	1
189	2
190	3
191	3
192	6
193	2
194	2
195	1
196	1
197	2
198	1
199	5
200	2
201	7
202	21
203	4
204	4
205	3
206	1
207	4
208	7
209	3
210	5
211	1
212	3
213	3
214	3
215	12
216	3
217	2
218	1
219	1
220	1
221	5
222	8
223	2
224	7
225	10
226	1
227	2
228	3
229	2
230	2
231	1
232	3
233	6
234	2
235	2
236	1
237	1
238	2
239	2
240	1
241	2
242	2
243	2
244	1
245	2
246	2
247	1
248	1
249	3
250	7
251	5
252	5
253	4
254	1
255	1
256	1
257	1
258	16
259	3
260	1
261	6
262	3
263	4
264	1
265	3
266	4
267	15
268	3
269	2
270	17
271	1
272	6
273	16
274	2
275	3
276	1
277	1
278	1
279	1
280	1
281	2
282	8
283	1
284	12
285	3
286	1
287	3
288	6
289	2
290	2
291	7
292	4
293	2
294	4
295	4
296	1
297	6
298	9
299	1
300	2
301	9
302	2
303	2
304	2
305	2
306	2
307	1
308	2
309	4
310	1
311	2
312	4
313	5
314	1
315	1
316	2
317	4
318	1
319	1
320	1
321	1
322	3
323	1
324	3
325	9
326	1
327	1
328	1
329	1
330	5
331	3
332	2
333	3
334	2
335	2
336	1
337	2
1	4
2	1
3	1
4	4
5	1
6	1
7	1
8	3
9	3
10	4
11	3
12	3
13	4
14	2
15	5
16	1
17	3
18	10
19	1
20	4
21	8
22	1
23	3
24	17
25	4
26	6
27	2
28	2
29	5
30	1
31	3
32	2
33	1
34	1
35	8
36	4
37	2
38	1
39	4
40	2
41	3
42	5
43	3
44	9
45	5
46	5
47	6
48	6
49	6
50	8
51	2
52	1
53	4
54	1
55	2
56	2
57	2
58	2
59	1
60	1
61	5
62	1
63	2
64	1
65	2
66	8
67	2
68	3
69	2
70	1
71	1
72	5
73	1
74	2
75	1
76	4
77	2
78	2
79	2
80	1
81	7
82	1
83	3
84	1
85	1
86	1
87	3
88	2
89	1
90	2
91	1
92	1
93	1
94	2
95	2
96	1
97	2
98	4
99	1
100	2
101	4
102	1
103	1
104	3
105	1
106	7
107	7
108	3
109	2
110	1
111	1
112	1
113	5
114	4
115	1
116	4
117	1
118	7
119	4
120	1
121	2
122	2
123	1
124	1
125	4
126	1
127	9
128	1
129	3
130	4
131	1
132	8
133	5
134	5
135	7
136	4
137	1
138	3
139	8
140	1
141	1
142	2
143	1
144	2
145	1
146	5
147	1
148	1
149	6
150	2
151	2
152	1
153	5
154	1
155	6
156	6
157	3
158	3
159	7
160	1
161	2
162	1
163	2
164	1
165	3
166	1
167	3
1	1
2	1
3	2
4	1
5	1
6	1
7	1
8	1
9	1
10	2
11	1
12	2
13	4
14	1
15	1
16	3
17	3
18	1
19	2
20	2
21	1
22	3
23	1
24	1
25	1
26	1
27	1
28	3
29	1
30	2
31	1
32	3
33	1
34	3
35	1
36	2
37	5
38	2
39	1
40	2
41	1
42	1
43	1
44	1
45	2
46	2
47	2
48	2
49	6
50	8
51	3
52	2
53	1
54	1
55	2
56	2
57	4
58	3
59	1
60	2
61	3
62	11
63	4
64	3
65	5
66	16
67	4
68	3
69	1
70	5
71	1
72	8
73	4
74	3
75	3
76	2
77	1
78	1
79	3
80	1
81	4
82	1
83	2
84	4
85	4
86	1
87	1
88	5
89	1
90	4
91	4
92	2
93	1
94	6
95	2
96	1
97	1
98	1
99	3
100	2
101	3
102	6
103	5
104	6
105	1
106	1
107	5
108	3
109	1
110	1
111	1
112	1
113	6
114	6
115	1
116	3
117	1
118	1
119	3
120	2
121	1
122	7
123	1
124	3
125	7
126	1
127	11
128	1
129	3
130	37
131	1
132	1
133	3
134	1
135	8
136	7
137	1
138	10
139	20
140	1
141	3
142	2
143	4
144	2
145	2
146	8
147	29
148	3
149	20
150	1
151	3
152	3
153	7
154	5
155	1
156	5
157	3
158	1
159	4
160	3
161	4
162	13
163	2
164	8
165	3
166	13
167	4
168	8
169	7
170	19
171	1
172	1
173	1
174	1
175	6
176	3
177	2
178	6
179	12
180	1
181	21
182	21
183	9
184	3
185	4
186	6
187	2
188	2
189	4
190	12
191	2
192	1
193	4
194	10
195	2
196	5
197	4
198	2
199	1
200	7
201	2
202	1
203	9
204	2
205	5
