1	4
2	1
3	1
4	4
5	1
6	1
7	1
8	3
9	3
10	4
11	3
12	3
13	4
14	2
15	5
16	1
17	3
18	10
19	1
20	4
21	8
22	1
23	3
24	17
25	4
26	6
27	2
28	2
29	5
30	1
31	3
32	2
33	1
34	1
35	8
36	4
37	2
38	1
39	4
40	2
41	3
42	5
43	3
44	9
45	5
46	5
47	6
48	6
49	6
50	8
51	2
52	1
53	4
54	1
55	2
56	2
57	2
58	2
59	1
60	1
61	5
62	1
63	2
64	1
65	2
66	8
67	2
68	3
69	2
70	1
71	1
72	5
73	1
74	2
75	1
76	4
77	2
78	2
79	2
80	1
81	7
82	1
83	3
84	1
85	1
86	1
87	3
88	2
89	1
90	2
91	1
92	1
93	1
94	2
95	2
96	1
97	2
98	4
99	1
100	2
101	4
102	1
103	1
104	3
105	1
106	7
107	7
108	3
109	2
110	1
111	1
112	1
113	5
114	4
115	1
116	4
117	1
118	7
119	4
120	1
121	2
122	2
123	1
124	1
125	4
126	1
127	9
128	1
129	3
130	4
131	1
132	8
133	5
134	5
135	7
136	4
137	1
138	3
139	8
140	1
141	1
142	2
143	1
144	2
145	1
146	5
147	1
148	1
149	6
150	2
151	2
152	1
153	5
154	1
155	6
156	6
157	3
158	3
159	7
160	1
161	2
162	1
163	2
164	1
165	3
166	1
167	3