1	1
2	1
3	2
4	1
5	1
6	1
7	3
8	1
9	5
10	1
11	2
12	1
13	1
14	3
15	1
16	2
17	3
18	1
19	2
20	2
21	1
22	2
23	3
24	1
25	2
26	1
27	3
28	2
29	6
30	5
31	1
32	14
33	1
34	1
35	4
36	1
37	1
38	1
39	4
40	2
41	1
42	1
43	1
44	3
45	5
46	1
47	3
48	7
49	2
50	1
51	8
52	2
53	1
54	2
55	2
56	3
57	3
58	1
59	1
60	10
61	5
62	2
63	5
64	4
65	1
66	3
67	2
68	5
69	4
70	1
71	1
72	1
73	1
74	1
75	1
76	1
77	2
78	1
79	1
80	6
81	6
82	1
83	1
84	10
85	4
86	2
87	2
88	2
89	1
90	14
91	8
92	5
93	3
94	5
95	2
96	4
97	5
98	4
99	2
100	2
101	3
102	1
103	1
104	3
105	2
106	8
107	2
108	1
109	1
110	1
111	1
112	3
113	6
114	5
115	8
116	1
117	1
118	2
119	3
120	1
121	1
122	2
123	2
124	2
125	3
126	1
127	5
128	7
129	4
130	2
131	1
132	1
133	1
134	3
135	1
136	3
137	2
138	2
139	5
140	4
141	1
142	2
143	2
144	2
145	1
146	2
147	1
148	2
149	2
150	2
151	4
152	2
153	3
154	1
155	3
156	2
157	2
158	9
159	2
160	2
161	3
162	2
163	6
164	1
165	2
166	1
167	1
168	2
169	1
170	1
171	1
172	4
173	15
174	5
175	1
176	5
177	1
178	3
179	1
180	9
181	13
182	6
183	11
184	1
185	5
186	12
187	1
188	10
189	3
190	9
191	1
192	4
193	1
194	6
195	3
196	14
197	2
198	7
199	5
200	1
201	5
202	1
203	1
204	1
205	8
206	4
207	2
208	3
209	8
210	1
211	1
212	19
213	17
214	8
215	2
216	11
217	3
218	22
219	1
220	5
221	1
222	2
223	3
224	4
225	2
226	3
227	1
228	4
229	1
230	3
231	2
232	1
233	1
234	4
235	1
236	2
237	4
238	2
239	2
240	4
241	4
242	8
243	1
244	1
245	1
246	3
247	4
248	5
249	1
250	5
251	12
252	7
253	1
254	3
255	1
256	2
257	5
258	1
259	1
260	1
261	2
262	10
263	10
264	4
265	1
266	4
267	5
268	1
269	2
270	9
271	1
272	1
273	2
274	1
275	2
276	1
277	2
278	1
279	3
280	3
281	16
282	4
283	3
284	4
285	8
286	6
287	3
288	2
289	1
290	9
291	10
292	3
293	2
294	1
295	2
296	1
297	3
298	4
299	3
