1	1
2	1
3	1
4	1
5	2
6	2
7	1
8	2
9	1
10	2
11	1
12	1
13	1
14	2
15	1
16	1
17	5
18	1
19	6
20	7
21	3
22	1
23	4
24	1
25	1
26	2
27	3
28	2
29	1
30	1
31	16
32	2
33	4
34	5
35	6
36	1
37	6
38	3
39	1
40	2
41	7
42	4
43	3
44	3
45	2
46	3
47	3
48	2
49	1
50	1
51	2
52	1
53	1
54	6
55	1
56	3
57	4
58	2
59	2
60	3
61	1
62	2
63	1
64	2
65	4
66	1
67	18
68	2
69	4
70	3
71	1
72	2
73	1
74	2
75	4
76	2
77	2
78	4
79	1
80	4
81	5
82	2
83	7
84	1
85	2
86	1
87	1
88	1
89	3
90	2
91	3
92	2
93	5
94	1
95	4
96	4
97	1
98	1
99	1
100	1
101	3
102	1
103	2
104	1
105	1
106	13
107	3
108	3
109	2
110	3
111	1
112	3
113	1
114	1
115	2
116	3
117	2
118	1
119	3
120	1
121	4
