1	1
2	1
3	2
4	7
5	3
6	2
7	1
8	2
9	1
10	2
11	1
12	1
13	1
14	2
15	1
16	2
17	2
18	2
19	1
20	1
21	1
22	1
23	1
24	1
25	2
26	2
27	3
28	3
29	1
30	3
31	7
32	1
33	2
34	2
35	2
36	6
37	1
38	1
39	2
40	7
41	4
42	1
43	5
44	3
45	2
46	1
47	5
48	2
49	2
50	13
51	1
52	2
53	6
54	1
55	2
56	10
57	1
58	2
59	1
60	4
61	5
62	8
63	4
64	1
65	8
66	11
67	10
68	15
69	11
70	12
71	2
72	2
73	1
74	18
75	7
76	2
77	1
78	1
79	6
80	1
81	3
82	2
83	1
84	2
85	2
86	1
87	4
88	2
89	2
90	3
91	5
92	2
93	2
94	3
95	1
96	1
97	2
98	2
99	1
100	6
101	7
102	2
103	3
104	6
105	5
106	4
107	8
108	3
109	8
110	1
111	11
112	12
113	12
114	4
115	5
116	19
117	31
118	10
119	1
120	1
121	14
122	1
123	6
124	2
125	1
126	8
127	3
128	2
129	11
130	1
131	3
132	3
133	3
134	1
135	3
136	1
137	11
138	1
139	1
140	2
141	9
142	7
143	44
144	1
145	1
146	8
147	5
148	3
149	1
150	8
151	2
152	1
153	2
154	2
155	2
156	1
157	3
158	2
159	2
160	1
