1	2
2	2
3	1
4	1
5	1
6	3
7	1
8	2
9	1
10	1
11	3
12	2
13	6
14	1
15	6
16	1
17	4
18	1
19	1
20	1
21	2
22	1
23	1
24	3
25	2
26	2
27	2
28	2
29	2
30	1
31	1
32	1
33	4
34	5
35	2
36	1
37	2
38	2
39	1
40	1
41	1
42	1
43	3
44	1
45	1
46	2
47	1
48	1
49	2
50	1
51	1
52	3
53	1
54	1
55	3
56	1
57	1
58	2
59	3
60	1
61	3
62	2
63	5
64	1
65	1
66	1
67	1
68	1
69	1
70	1
71	2
72	2
73	1
74	2
75	1
76	1
77	1
78	1
79	1
80	2
81	3
82	2
83	1
84	1
85	1
86	2
87	1
88	1
89	6
90	3
91	2
92	1
93	2
94	1
95	1
96	1
97	3
98	1
99	3
100	2
101	1
102	2
103	1
104	1
105	1
106	2
107	1
108	1
109	1
110	3
111	3
112	4
113	1
114	2
115	2
116	4
117	2
118	1
119	2
120	2
121	2
122	1
123	1
124	2
125	1
126	3
127	4
128	1
129	2
130	1
131	4
132	1
133	1
134	1
135	2
136	3
137	1
138	2
139	1
140	1
141	1
142	3
143	4
144	1
145	1
146	2
147	1
148	2
149	3
150	1
151	1
152	1
153	2
154	1
155	2
156	1
157	2
158	3
159	1
160	1
161	2
162	2
163	1
164	1
165	2
166	1
167	5
168	1
169	1
170	2
171	2
172	1
173	1
174	1
175	1
176	3
177	1
178	1
179	2
180	1
181	4
182	2
183	2
184	1
185	1
186	1
187	3
188	2
189	3
190	1
191	2
192	2
193	2
194	2
195	13
196	1
197	1
198	4
199	1
200	1
201	2
202	2
203	1
204	1
205	2
206	1
207	1
208	3
209	2
210	2
211	1
212	3
213	1
214	1
215	1
216	2
217	5
218	4
219	1
220	8
221	1
222	5
223	8
224	1
225	7
226	5
227	4
228	2
229	4
230	1
231	3
232	3
233	2
234	3
235	2
236	7
237	2
238	1
239	4
240	2
241	2
242	3
243	9
244	1
245	11
246	8
247	4
248	6
249	3
250	4
251	2
252	4
253	1
254	2
255	1
256	4
257	5
258	13
259	7
260	2
261	1
262	1
263	2
264	1
265	1
266	2
267	1
268	1
269	6
270	3
271	2
272	2
273	1
274	3
275	1
276	1
277	2
278	2
279	1
280	2
281	1
282	2
283	1
284	2
285	4
286	2
287	2
288	5
289	2
290	1
291	8
292	3
293	5
294	3
295	3
296	29
297	3
298	2
299	3
300	1
301	3
302	2
303	1
304	3
305	4
306	14
307	13
308	30
309	10
310	9
311	2
312	8
313	3
314	2
315	9
316	8
317	1
318	22
319	2
320	4
321	12
322	12
323	3
324	4
325	4
326	6
327	3
328	6
329	10
330	2
331	5
332	3
333	6
334	1
335	2
336	1
337	3
338	5
339	14
340	4
341	2
342	2
343	6
344	1
345	3
346	7
347	3
348	21
349	1
350	13
351	22
352	6
353	6
354	8
355	3
356	4
357	1
358	16
359	3
360	1
361	2
362	2
363	6
364	3
365	2
366	10
367	1
368	8
369	2
370	1
371	1
372	2
373	2
374	1
375	1
376	9
377	5
378	7
379	4
380	3
381	1
382	3
383	10
384	5
385	9
386	1
387	3
388	6
389	2
390	7
391	9
392	1
393	1
394	3
395	3
396	4
397	1
398	2
399	4
400	3
401	1
402	4
403	2
404	2
405	11
406	2
407	2
408	3
409	5
410	1
411	4
412	4
413	4
414	5
415	1
416	15
417	4
418	1
419	8
420	25
421	4
422	2
423	2
424	2
425	8
426	7
427	16
428	6
429	2
430	3
431	3
432	3
433	1
434	11
435	4
436	2
437	10
438	9
439	11
440	4
441	1
442	5
443	1
444	2
445	3
446	7
447	16
448	2
449	2
450	2
451	2
452	14
453	2
454	2
455	2
456	1
457	2
458	2
459	1
460	1
461	2
462	1
463	2
464	3
465	4
466	2
467	2
468	3
469	3
470	1
471	1
472	3
473	6
474	8
475	1
476	5
477	9
478	2
479	4
480	2
481	2
482	4
483	2
484	3
485	1
486	5
487	1
488	6
489	4
490	2
491	2
492	1
493	5
494	2
495	2
496	4
497	1
498	3
499	4
500	3
501	1
502	2
503	2
504	1
505	12
506	9
507	5
508	7
509	10
510	4
511	9
512	3
513	2
514	4
515	5
516	12
517	2
518	1
519	3
520	3
521	2
522	4
523	1
524	1
525	2
526	5
527	14
528	5
529	12
530	2
531	7
532	2
533	5
534	6
535	11
536	1
537	3
538	1
539	2
540	2
541	4
542	4
543	1
544	4
545	4
546	9
547	2
548	1
549	5
550	13
551	2
552	19
553	9
554	1
555	1
556	3
557	3
558	3
559	2
560	2
561	3
562	1
563	3
564	6
565	2
566	2
567	3
568	4
569	6
570	6
571	1
572	6
573	1
574	9
575	4
576	2
577	7
578	1
579	4
580	26
581	1
582	3
583	5
584	6
585	1
586	4
587	5
588	2
589	8
590	3
591	5
592	4
593	2
594	3
595	2
596	1
597	4
598	2
599	1
600	1
601	8
602	3
603	1
604	3
605	1
606	2
607	7
608	4
609	1
610	1
611	1
612	6
613	2
614	1
615	1
616	1
617	4
618	2
619	5
620	10
621	3
622	1
623	2
624	3
625	4
626	6
627	2
628	8
629	6
630	1
631	2
632	1
633	1
634	24