1	112.0
2	111.0
3	109.0
4	108.0
5	84.0
6	84.0
7	83.0
8	78.0
9	75.0
10	78.0
11	71.0
12	71.0
13	51.0
14	47.0
15	42.0
16	40.0
17	39.0
18	39.0
19	39.0
20	38.0
21	38.0
22	38.0
23	36.0
24	35.0
25	31.0
26	28.0
27	28.0
28	22.0
29	18.0
30	19.0
31	18.0
32	17.0
33	22.0
34	21.0
35	18.0
36	18.0
37	19.0
38	17.0
39	19.0
40	20.0
41	20.0
42	21.0
43	23.0
44	19.0
45	19.0
46	21.0
47	23.0
48	19.0
49	22.0
50	22.0
51	19.0
52	17.0
53	16.0
54	16.0
55	16.0
56	20.0
57	21.0
58	22.0
59	19.0
60	17.0
61	23.0
62	18.0
63	19.0
64	16.0
65	18.0
66	15.0
67	18.0
68	16.0
69	16.0
70	16.0
71	16.0
72	15.0
73	15.0
74	24.0
75	17.0
76	17.0
77	17.0
78	17.0
79	18.0
80	17.0
81	17.0
82	17.0
83	17.0
84	17.0
85	16.0
86	17.0
87	16.0
88	15.0
89	15.0
90	15.0
91	15.0
92	17.0
93	21.0
94	16.0
95	14.0
96	13.0
97	13.0
98	12.0
99	13.0
100	13.0
101	15.0
102	9.0
103	11.0
104	12.0
105	12.0
106	16.0
107	9.0
108	11.0
109	4.0
110	8.0
111	8.0
112	3.0
113	3.0
114	3.0
115	2.0
116	6.0
117	5.0
118	5.0
119	4.0
120	4.0
121	0.0
1	130.0
2	126.0
3	123.0
4	118.0
5	114.0
6	101.0
7	96.0
8	97.0
9	77.0
10	65.0
11	68.0
12	71.0
13	66.0
14	63.0
15	66.0
16	53.0
17	44.0
18	40.0
19	40.0
20	38.0
21	32.0
22	28.0
23	29.0
24	31.0
25	26.0
26	24.0
27	26.0
28	27.0
29	27.0
30	21.0
31	21.0
32	21.0
33	22.0
34	23.0
35	28.0
36	27.0
37	31.0
38	29.0
39	30.0
40	31.0
41	27.0
42	28.0
43	28.0
44	26.0
45	21.0
46	22.0
47	24.0
48	22.0
49	23.0
50	23.0
51	22.0
52	19.0
53	16.0
54	14.0
55	12.0
56	13.0
57	16.0
58	16.0
59	16.0
60	13.0
61	14.0
62	12.0
63	14.0
64	14.0
65	14.0
66	14.0
67	15.0
68	15.0
69	14.0
70	16.0
71	13.0
72	14.0
73	22.0
74	20.0
75	19.0
76	22.0
77	25.0
78	24.0
79	28.0
80	23.0
81	26.0
82	17.0
83	20.0
84	20.0
85	16.0
86	13.0
87	16.0
88	18.0
89	19.0
90	17.0
91	20.0
92	20.0
93	19.0
94	24.0
95	24.0
96	26.0
97	26.0
98	17.0
99	17.0
100	15.0
101	15.0
102	15.0
103	10.0
104	12.0
105	13.0
106	13.0
107	16.0
108	19.0
109	19.0
110	20.0
111	17.0
112	15.0
113	14.0
114	14.0
115	13.0
116	10.0
117	13.0
118	14.0
119	14.0
120	15.0
121	14.0
122	11.0
123	11.0
124	9.0
125	10.0
126	12.0
127	9.0
128	8.0
129	7.0
130	8.0
131	9.0
132	8.0
133	7.0
134	8.0
135	14.0
136	10.0
137	8.0
138	8.0
139	8.0
140	9.0
141	10.0
142	8.0
143	8.0
144	10.0
145	10.0
146	10.0
147	7.0
148	8.0
149	9.0
150	8.0
151	8.0
152	8.0
153	8.0
154	5.0
155	6.0
156	5.0
157	5.0
158	5.0
159	1.0
160	0.0
1	145.0
2	143.0
3	125.0
4	120.0
5	120.0
6	118.0
7	113.0
8	113.0
9	98.0
10	97.0
11	83.0
12	74.0
13	72.0
14	65.0
15	65.0
16	65.0
17	62.0
18	60.0
19	60.0
20	58.0
21	58.0
22	58.0
23	58.0
24	58.0
25	51.0
26	43.0
27	45.0
28	35.0
29	36.0
30	39.0
31	39.0
32	40.0
33	38.0
34	39.0
35	37.0
36	37.0
37	35.0
38	31.0
39	28.0
40	31.0
41	31.0
42	31.0
43	32.0
44	32.0
45	32.0
46	28.0
47	26.0
48	29.0
49	26.0
50	24.0
51	31.0
52	30.0
53	32.0
54	31.0
55	34.0
56	35.0
57	34.0
58	32.0
59	32.0
60	31.0
61	32.0
62	33.0
63	33.0
64	38.0
65	33.0
66	32.0
67	31.0
68	31.0
69	30.0
70	31.0
71	32.0
72	31.0
73	33.0
74	38.0
75	42.0
76	40.0
77	39.0
78	30.0
79	31.0
80	31.0
81	32.0
82	29.0
83	23.0
84	22.0
85	21.0
86	22.0
87	24.0
88	24.0
89	23.0
90	24.0
91	25.0
92	23.0
93	25.0
94	22.0
95	21.0
96	22.0
97	22.0
98	21.0
99	20.0
100	20.0
101	20.0
102	24.0
103	19.0
104	18.0
105	22.0
106	23.0
107	23.0
108	22.0
109	23.0
110	23.0
111	23.0
112	22.0
113	22.0
114	23.0
115	22.0
116	24.0
117	30.0
118	31.0
119	32.0
120	33.0
121	33.0
122	32.0
123	37.0
124	31.0
125	29.0
126	31.0
127	31.0
128	31.0
129	37.0
130	37.0
131	37.0
132	36.0
133	36.0
134	33.0
135	31.0
136	31.0
137	24.0
138	23.0
139	26.0
140	27.0
141	26.0
142	27.0
143	26.0
144	23.0
145	22.0
146	19.0
147	20.0
148	18.0
149	17.0
150	17.0
151	17.0
152	18.0
153	20.0
154	19.0
155	19.0
156	20.0
157	19.0
158	17.0
159	17.0
160	18.0
161	15.0
162	14.0
163	14.0
164	14.0
165	11.0
166	12.0
167	17.0
168	12.0
169	13.0
170	15.0
171	11.0
172	10.0
173	9.0
174	10.0
175	9.0
176	10.0
177	11.0
178	10.0
179	10.0
180	9.0
181	10.0
182	9.0
183	9.0
184	10.0
185	10.0
186	11.0
187	11.0
188	13.0
189	11.0
190	12.0
191	11.0
192	11.0
193	14.0
194	11.0
195	18.0
196	18.0
197	17.0
198	17.0
199	17.0
200	18.0
201	19.0
202	15.0
203	14.0
204	15.0
205	13.0
206	15.0
207	15.0
208	13.0
209	15.0
210	15.0
211	14.0
212	12.0
213	13.0
214	13.0
215	13.0
216	14.0
217	15.0
218	13.0
219	13.0
220	16.0
221	17.0
222	17.0
223	15.0
224	12.0
225	12.0
226	14.0
227	17.0
228	17.0
229	16.0
230	16.0
231	18.0
232	15.0
233	13.0
234	13.0
235	12.0
236	12.0
237	11.0
238	11.0
239	14.0
240	10.0
241	8.0
242	9.0
243	9.0
244	9.0
245	6.0
246	4.0
247	10.0
248	10.0
249	6.0
250	7.0
251	15.0
252	15.0
253	13.0
254	16.0
255	17.0
256	17.0
257	18.0
258	15.0
259	15.0
260	14.0
261	12.0
262	12.0
263	10.0
264	5.0
265	4.0
266	5.0
267	5.0
268	5.0
269	3.0
270	2.0
271	6.0
272	10.0
273	8.0
274	9.0
275	9.0
276	9.0
277	9.0
278	11.0
279	12.0
280	12.0
281	12.0
282	9.0
283	12.0
284	10.0
285	10.0
286	7.0
287	4.0
288	7.0
289	5.0
290	3.0
291	3.0
292	4.0
293	4.0
294	4.0
295	3.0
296	3.0
297	3.0
298	3.0
299	0.0
1	68.0
2	68.0
3	69.0
4	72.0
5	74.0
6	64.0
7	56.0
8	57.0
9	52.0
10	54.0
11	55.0
12	55.0
13	44.0
14	44.0
15	44.0
16	40.0
17	39.0
18	41.0
19	41.0
20	35.0
21	34.0
22	36.0
23	33.0
24	29.0
25	31.0
26	30.0
27	31.0
28	30.0
29	31.0
30	31.0
31	31.0
32	31.0
33	32.0
34	32.0
35	30.0
36	30.0
37	30.0
38	29.0
39	31.0
40	32.0
41	32.0
42	32.0
43	34.0
44	31.0
45	36.0
46	34.0
47	34.0
48	34.0
49	34.0
50	31.0
51	32.0
52	33.0
53	32.0
54	31.0
55	33.0
56	33.0
57	34.0
58	32.0
59	33.0
60	34.0
61	34.0
62	36.0
63	36.0
64	36.0
65	35.0
66	36.0
67	32.0
68	33.0
69	35.0
70	34.0
71	38.0
72	39.0
73	36.0
74	33.0
75	34.0
76	34.0
77	33.0
78	38.0
79	35.0
80	32.0
81	31.0
82	30.0
83	27.0
84	27.0
85	26.0
86	25.0
87	24.0
88	25.0
89	26.0
90	27.0
91	27.0
92	26.0
93	26.0
94	25.0
95	26.0
96	24.0
97	28.0
98	25.0
99	33.0
100	24.0
101	23.0
102	21.0
103	18.0
104	17.0
105	13.0
106	13.0
107	13.0
108	14.0
109	14.0
110	14.0
111	12.0
112	10.0
113	11.0
114	13.0
115	13.0
116	9.0
117	8.0
118	13.0
119	15.0
120	13.0
121	14.0
122	12.0
123	12.0
124	12.0
125	12.0
126	10.0
127	13.0
128	13.0
129	9.0
130	11.0
131	12.0
132	11.0
133	11.0
134	15.0
135	12.0
136	8.0
137	8.0
138	6.0
139	6.0
140	6.0
141	4.0
142	4.0
143	2.0
144	0.0
1	118.0
2	117.0
3	114.0
4	73.0
5	62.0
6	61.0
7	60.0
8	54.0
9	51.0
10	48.0
11	49.0
12	47.0
13	48.0
14	47.0
15	47.0
16	45.0
17	42.0
18	44.0
19	30.0
20	27.0
21	27.0
22	27.0
23	30.0
24	28.0
25	22.0
26	18.0
27	18.0
28	18.0
29	17.0
30	16.0
31	19.0
32	18.0
33	19.0
34	19.0
35	19.0
36	22.0
37	26.0
38	20.0
39	24.0
40	24.0
41	24.0
42	26.0
43	26.0
44	27.0
45	27.0
46	25.0
47	20.0
48	19.0
49	20.0
50	20.0
51	18.0
52	19.0
53	19.0
54	19.0
55	19.0
56	18.0
57	28.0
58	29.0
59	26.0
60	27.0
61	26.0
62	25.0
63	20.0
64	19.0
65	23.0
66	23.0
67	25.0
68	24.0
69	25.0
70	22.0
71	21.0
72	20.0
73	17.0
74	19.0
75	19.0
76	19.0
77	18.0
78	18.0
79	21.0
80	20.0
81	19.0
82	19.0
83	21.0
84	22.0
85	24.0
86	23.0
87	23.0
88	22.0
89	23.0
90	25.0
91	25.0
92	25.0
93	21.0
94	20.0
95	21.0
96	21.0
97	21.0
98	21.0
99	17.0
100	16.0
101	20.0
102	19.0
103	15.0
104	14.0
105	11.0
106	12.0
107	9.0
108	9.0
109	11.0
110	11.0
111	10.0
112	10.0
113	10.0
114	9.0
115	12.0
116	9.0
117	10.0
118	9.0
119	9.0
120	11.0
121	11.0
122	8.0
123	7.0
124	8.0
125	7.0
126	15.0
127	16.0
128	15.0
129	15.0
130	10.0
131	10.0
132	10.0
133	10.0
134	10.0
135	10.0
136	9.0
137	10.0
138	14.0
139	16.0
140	14.0
141	11.0
142	9.0
143	9.0
144	10.0
145	9.0
146	8.0
147	8.0
148	10.0
149	8.0
150	7.0
151	9.0
152	9.0
153	12.0
154	10.0
155	11.0
156	12.0
157	14.0
158	18.0
159	14.0
160	14.0
161	14.0
162	12.0
163	12.0
164	14.0
165	15.0
166	16.0
167	18.0
168	17.0
169	18.0
170	13.0
171	13.0
172	9.0
173	10.0
174	10.0
175	10.0
176	10.0
177	9.0
178	9.0
179	9.0
180	9.0
181	11.0
182	5.0
183	11.0
184	5.0
185	2.0
186	2.0
187	2.0
188	2.0
189	1.0
190	1.0
191	2.0
192	0.0
1	119.0
2	119.0
3	112.0
4	112.0
5	104.0
6	93.0
7	91.0
8	82.0
9	86.0
10	80.0
11	64.0
12	63.0
13	46.0
14	46.0
15	34.0
16	32.0
17	31.0
18	28.0
19	23.0
20	23.0
21	22.0
22	27.0
23	25.0
24	21.0
25	21.0
26	21.0
27	21.0
28	21.0
29	18.0
30	18.0
31	20.0
32	21.0
33	19.0
34	16.0
35	17.0
36	21.0
37	21.0
38	21.0
39	22.0
40	21.0
41	18.0
42	16.0
43	19.0
44	20.0
45	18.0
46	13.0
47	5.0
48	5.0
49	13.0
50	11.0
51	8.0
52	2.0
53	3.0
54	2.0
55	1.0
56	1.0
57	1.0
58	2.0
59	3.0
60	3.0
61	3.0
62	2.0
63	3.0
64	1.0
65	0.0
1	98.0
2	93.0
3	92.0
4	87.0
5	75.0
6	75.0
7	78.0
8	74.0
9	71.0
10	72.0
11	63.0
12	65.0
13	60.0
14	57.0
15	57.0
16	58.0
17	52.0
18	44.0
19	36.0
20	36.0
21	36.0
22	29.0
23	28.0
24	21.0
25	20.0
26	20.0
27	20.0
28	20.0
29	20.0
30	22.0
31	20.0
32	15.0
33	17.0
34	17.0
35	17.0
36	20.0
37	20.0
38	22.0
39	23.0
40	23.0
41	23.0
42	24.0
43	24.0
44	18.0
45	18.0
46	18.0
47	17.0
48	17.0
49	17.0
50	17.0
51	17.0
52	17.0
53	17.0
54	17.0
55	16.0
56	15.0
57	15.0
58	15.0
59	16.0
60	15.0
61	17.0
62	17.0
63	17.0
64	17.0
65	16.0
66	14.0
67	14.0
68	13.0
69	14.0
70	13.0
71	13.0
72	13.0
73	13.0
74	13.0
75	13.0
76	15.0
77	17.0
78	15.0
79	15.0
80	15.0
81	16.0
82	13.0
83	13.0
84	13.0
85	13.0
86	13.0
87	13.0
88	14.0
89	13.0
90	13.0
91	12.0
92	11.0
93	12.0
94	12.0
95	15.0
96	13.0
97	14.0
98	13.0
99	14.0
100	16.0
101	15.0
102	22.0
103	22.0
104	23.0
105	22.0
106	21.0
107	22.0
108	19.0
109	19.0
110	19.0
111	19.0
112	20.0
113	20.0
114	19.0
115	18.0
116	19.0
117	11.0
118	12.0
119	14.0
120	13.0
121	8.0
122	8.0
123	9.0
124	9.0
125	8.0
126	7.0
127	8.0
128	8.0
129	7.0
130	7.0
131	7.0
132	7.0
133	7.0
134	8.0
135	8.0
136	12.0
137	8.0
138	8.0
139	8.0
140	7.0
141	13.0
142	14.0
143	14.0
144	17.0
145	17.0
146	17.0
147	17.0
148	19.0
149	20.0
150	26.0
151	26.0
152	23.0
153	24.0
154	24.0
155	28.0
156	27.0
157	26.0
158	23.0
159	23.0
160	24.0
161	23.0
162	21.0
163	20.0
164	21.0
165	21.0
166	24.0
167	25.0
168	24.0
169	22.0
170	19.0
171	15.0
172	15.0
173	19.0
174	19.0
175	13.0
176	14.0
177	13.0
178	15.0
179	16.0
180	15.0
181	13.0
182	17.0
183	18.0
184	20.0
185	20.0
186	24.0
187	21.0
188	24.0
189	27.0
190	25.0
191	24.0
192	24.0
193	23.0
194	23.0
195	23.0
196	16.0
197	14.0
198	12.0
199	12.0
200	13.0
201	13.0
202	22.0
203	22.0
204	21.0
205	22.0
206	21.0
207	21.0
208	18.0
209	18.0
210	17.0
211	15.0
212	18.0
213	11.0
214	15.0
215	15.0
216	13.0
217	13.0
218	12.0
219	14.0
220	14.0
221	14.0
222	14.0
223	16.0
224	13.0
225	16.0
226	16.0
227	15.0
228	15.0
229	15.0
230	15.0
231	15.0
232	15.0
233	17.0
234	18.0
235	18.0
236	19.0
237	18.0
238	18.0
239	18.0
240	16.0
241	16.0
242	17.0
243	17.0
244	15.0
245	17.0
246	16.0
247	19.0
248	20.0
249	15.0
250	13.0
251	13.0
252	15.0
253	9.0
254	10.0
255	10.0
256	8.0
257	2.0
258	2.0
259	2.0
260	2.0
261	2.0
262	4.0
263	3.0
264	2.0
265	1.0
266	7.0
267	5.0
268	3.0
269	2.0
270	5.0
271	3.0
272	5.0
273	6.0
274	7.0
275	10.0
276	6.0
277	8.0
278	7.0
279	6.0
280	11.0
281	8.0
282	11.0
283	12.0
284	15.0
285	18.0
286	21.0
287	14.0
288	14.0
289	7.0
290	7.0
291	16.0
292	15.0
293	15.0
294	18.0
295	21.0
296	19.0
297	18.0
298	19.0
299	20.0
300	17.0
301	21.0
302	22.0
303	23.0
304	22.0
305	22.0
306	20.0
307	18.0
308	19.0
309	20.0
310	20.0
311	18.0
312	18.0
313	20.0
314	19.0
315	16.0
316	16.0
317	19.0
318	19.0
319	19.0
320	18.0
321	17.0
322	19.0
323	16.0
324	16.0
325	13.0
326	10.0
327	10.0
328	9.0
329	8.0
330	7.0
331	2.0
332	2.0
333	1.0
334	1.0
335	1.0
336	2.0
337	0.0
1	97.0
2	91.0
3	82.0
4	59.0
5	57.0
6	52.0
7	44.0
8	42.0
9	42.0
10	36.0
11	25.0
12	26.0
13	26.0
14	24.0
15	23.0
16	25.0
17	29.0
18	31.0
19	29.0
20	29.0
21	29.0
22	29.0
23	29.0
24	32.0
25	27.0
26	28.0
27	33.0
28	33.0
29	27.0
30	27.0
31	28.0
32	27.0
33	25.0
34	22.0
35	20.0
36	22.0
37	23.0
38	20.0
39	20.0
40	18.0
41	18.0
42	17.0
43	18.0
44	17.0
45	17.0
46	17.0
47	18.0
48	19.0
49	19.0
50	18.0
51	18.0
52	20.0
53	16.0
54	15.0
55	20.0
56	20.0
57	20.0
58	20.0
59	18.0
60	17.0
61	14.0
62	14.0
63	14.0
64	14.0
65	15.0
66	15.0
67	15.0
68	19.0
69	19.0
70	19.0
71	19.0
72	18.0
73	18.0
74	16.0
75	17.0
76	17.0
77	17.0
78	17.0
79	16.0
80	11.0
81	12.0
82	8.0
83	2.0
84	2.0
85	2.0
86	2.0
87	4.0
88	5.0
89	4.0
90	4.0
91	2.0
92	2.0
93	2.0
94	2.0
95	2.0
96	2.0
97	5.0
98	6.0
99	7.0
100	10.0
101	11.0
102	11.0
103	11.0
104	12.0
105	12.0
106	11.0
107	16.0
108	12.0
109	16.0
110	16.0
111	18.0
112	12.0
113	13.0
114	16.0
115	11.0
116	11.0
117	3.0
118	7.0
119	8.0
120	2.0
121	2.0
122	2.0
123	4.0
124	4.0
125	2.0
126	2.0
127	2.0
128	9.0
129	10.0
130	10.0
131	11.0
132	14.0
133	10.0
134	10.0
135	9.0
136	9.0
137	9.0
138	11.0
139	5.0
140	6.0
141	6.0
142	4.0
143	4.0
144	3.0
145	3.0
146	3.0
147	7.0
148	11.0
149	12.0
150	6.0
151	6.0
152	6.0
153	5.0
154	6.0
155	9.0
156	7.0
157	7.0
158	7.0
159	8.0
160	7.0
161	8.0
162	8.0
163	12.0
164	10.0
165	9.0
166	6.0
167	0.0
1	100.0
2	98.0
3	99.0
4	98.0
5	84.0
6	70.0
7	69.0
8	70.0
9	70.0
10	70.0
11	57.0
12	56.0
13	56.0
14	56.0
15	51.0
16	52.0
17	52.0
18	52.0
19	52.0
20	52.0
21	52.0
22	48.0
23	48.0
24	48.0
25	52.0
26	52.0
27	52.0
28	52.0
29	47.0
30	47.0
31	46.0
32	47.0
33	47.0
34	47.0
35	47.0
36	45.0
37	45.0
38	45.0
39	40.0
40	40.0
41	40.0
42	40.0
43	40.0
44	39.0
45	39.0
46	35.0
47	34.0
48	36.0
49	35.0
50	37.0
51	37.0
52	36.0
53	34.0
54	37.0
55	37.0
56	37.0
57	37.0
58	38.0
59	37.0
60	37.0
61	36.0
62	33.0
63	35.0
64	29.0
65	29.0
66	29.0
67	30.0
68	26.0
69	28.0
70	29.0
71	29.0
72	27.0
73	26.0
74	26.0
75	26.0
76	26.0
77	26.0
78	23.0
79	28.0
80	28.0
81	27.0
82	26.0
83	27.0
84	22.0
85	24.0
86	23.0
87	24.0
88	25.0
89	25.0
90	24.0
91	26.0
92	23.0
93	23.0
94	18.0
95	21.0
96	20.0
97	20.0
98	20.0
99	19.0
100	19.0
101	19.0
102	19.0
103	18.0
104	19.0
105	20.0
106	19.0
107	19.0
108	21.0
109	23.0
110	19.0
111	18.0
112	21.0
113	20.0
114	22.0
115	20.0
116	18.0
117	19.0
118	18.0
119	19.0
120	18.0
121	21.0
122	21.0
123	21.0
124	21.0
125	21.0
126	23.0
127	22.0
128	20.0
129	21.0
130	21.0
131	21.0
132	21.0
133	20.0
134	15.0
135	16.0
136	16.0
137	16.0
138	14.0
139	17.0
140	18.0
141	19.0
142	17.0
143	14.0
144	17.0
145	14.0
146	12.0
147	16.0
148	12.0
149	11.0
150	12.0
151	13.0
152	12.0
153	9.0
154	9.0
155	8.0
156	9.0
157	9.0
158	18.0
159	13.0
160	13.0
161	13.0
162	13.0
163	15.0
164	11.0
165	11.0
166	14.0
167	14.0
168	14.0
169	10.0
170	8.0
171	9.0
172	7.0
173	8.0
174	9.0
175	7.0
176	4.0
177	4.0
178	3.0
179	3.0
180	1.0
181	3.0
182	3.0
183	6.0
184	4.0
185	6.0
186	15.0
187	10.0
188	17.0
189	15.0
190	10.0
191	12.0
192	11.0
193	13.0
194	13.0
195	8.0
196	8.0
197	7.0
198	3.0
199	2.0
200	2.0
201	5.0
202	3.0
203	2.0
204	4.0
205	0.0
