1	112.0
2	111.0
3	109.0
4	108.0
5	84.0
6	84.0
7	83.0
8	78.0
9	75.0
10	78.0
11	71.0
12	71.0
13	51.0
14	47.0
15	42.0
16	40.0
17	39.0
18	39.0
19	39.0
20	38.0
21	38.0
22	38.0
23	36.0
24	35.0
25	31.0
26	28.0
27	28.0
28	22.0
29	18.0
30	19.0
31	18.0
32	17.0
33	22.0
34	21.0
35	18.0
36	18.0
37	19.0
38	17.0
39	19.0
40	20.0
41	20.0
42	21.0
43	23.0
44	19.0
45	19.0
46	21.0
47	23.0
48	19.0
49	22.0
50	22.0
51	19.0
52	17.0
53	16.0
54	16.0
55	16.0
56	20.0
57	21.0
58	22.0
59	19.0
60	17.0
61	23.0
62	18.0
63	19.0
64	16.0
65	18.0
66	15.0
67	18.0
68	16.0
69	16.0
70	16.0
71	16.0
72	15.0
73	15.0
74	24.0
75	17.0
76	17.0
77	17.0
78	17.0
79	18.0
80	17.0
81	17.0
82	17.0
83	17.0
84	17.0
85	16.0
86	17.0
87	16.0
88	15.0
89	15.0
90	15.0
91	15.0
92	17.0
93	21.0
94	16.0
95	14.0
96	13.0
97	13.0
98	12.0
99	13.0
100	13.0
101	15.0
102	9.0
103	11.0
104	12.0
105	12.0
106	16.0
107	9.0
108	11.0
109	4.0
110	8.0
111	8.0
112	3.0
113	3.0
114	3.0
115	2.0
116	6.0
117	5.0
118	5.0
119	4.0
120	4.0
121	0.0
