1	145.0
2	143.0
3	125.0
4	120.0
5	120.0
6	118.0
7	113.0
8	113.0
9	98.0
10	97.0
11	83.0
12	74.0
13	72.0
14	65.0
15	65.0
16	65.0
17	62.0
18	60.0
19	60.0
20	58.0
21	58.0
22	58.0
23	58.0
24	58.0
25	51.0
26	43.0
27	45.0
28	35.0
29	36.0
30	39.0
31	39.0
32	40.0
33	38.0
34	39.0
35	37.0
36	37.0
37	35.0
38	31.0
39	28.0
40	31.0
41	31.0
42	31.0
43	32.0
44	32.0
45	32.0
46	28.0
47	26.0
48	29.0
49	26.0
50	24.0
51	31.0
52	30.0
53	32.0
54	31.0
55	34.0
56	35.0
57	34.0
58	32.0
59	32.0
60	31.0
61	32.0
62	33.0
63	33.0
64	38.0
65	33.0
66	32.0
67	31.0
68	31.0
69	30.0
70	31.0
71	32.0
72	31.0
73	33.0
74	38.0
75	42.0
76	40.0
77	39.0
78	30.0
79	31.0
80	31.0
81	32.0
82	29.0
83	23.0
84	22.0
85	21.0
86	22.0
87	24.0
88	24.0
89	23.0
90	24.0
91	25.0
92	23.0
93	25.0
94	22.0
95	21.0
96	22.0
97	22.0
98	21.0
99	20.0
100	20.0
101	20.0
102	24.0
103	19.0
104	18.0
105	22.0
106	23.0
107	23.0
108	22.0
109	23.0
110	23.0
111	23.0
112	22.0
113	22.0
114	23.0
115	22.0
116	24.0
117	30.0
118	31.0
119	32.0
120	33.0
121	33.0
122	32.0
123	37.0
124	31.0
125	29.0
126	31.0
127	31.0
128	31.0
129	37.0
130	37.0
131	37.0
132	36.0
133	36.0
134	33.0
135	31.0
136	31.0
137	24.0
138	23.0
139	26.0
140	27.0
141	26.0
142	27.0
143	26.0
144	23.0
145	22.0
146	19.0
147	20.0
148	18.0
149	17.0
150	17.0
151	17.0
152	18.0
153	20.0
154	19.0
155	19.0
156	20.0
157	19.0
158	17.0
159	17.0
160	18.0
161	15.0
162	14.0
163	14.0
164	14.0
165	11.0
166	12.0
167	17.0
168	12.0
169	13.0
170	15.0
171	11.0
172	10.0
173	9.0
174	10.0
175	9.0
176	10.0
177	11.0
178	10.0
179	10.0
180	9.0
181	10.0
182	9.0
183	9.0
184	10.0
185	10.0
186	11.0
187	11.0
188	13.0
189	11.0
190	12.0
191	11.0
192	11.0
193	14.0
194	11.0
195	18.0
196	18.0
197	17.0
198	17.0
199	17.0
200	18.0
201	19.0
202	15.0
203	14.0
204	15.0
205	13.0
206	15.0
207	15.0
208	13.0
209	15.0
210	15.0
211	14.0
212	12.0
213	13.0
214	13.0
215	13.0
216	14.0
217	15.0
218	13.0
219	13.0
220	16.0
221	17.0
222	17.0
223	15.0
224	12.0
225	12.0
226	14.0
227	17.0
228	17.0
229	16.0
230	16.0
231	18.0
232	15.0
233	13.0
234	13.0
235	12.0
236	12.0
237	11.0
238	11.0
239	14.0
240	10.0
241	8.0
242	9.0
243	9.0
244	9.0
245	6.0
246	4.0
247	10.0
248	10.0
249	6.0
250	7.0
251	15.0
252	15.0
253	13.0
254	16.0
255	17.0
256	17.0
257	18.0
258	15.0
259	15.0
260	14.0
261	12.0
262	12.0
263	10.0
264	5.0
265	4.0
266	5.0
267	5.0
268	5.0
269	3.0
270	2.0
271	6.0
272	10.0
273	8.0
274	9.0
275	9.0
276	9.0
277	9.0
278	11.0
279	12.0
280	12.0
281	12.0
282	9.0
283	12.0
284	10.0
285	10.0
286	7.0
287	4.0
288	7.0
289	5.0
290	3.0
291	3.0
292	4.0
293	4.0
294	4.0
295	3.0
296	3.0
297	3.0
298	3.0
299	0.0
