1	100.0
2	98.0
3	99.0
4	98.0
5	84.0
6	70.0
7	69.0
8	70.0
9	70.0
10	70.0
11	57.0
12	56.0
13	56.0
14	56.0
15	51.0
16	52.0
17	52.0
18	52.0
19	52.0
20	52.0
21	52.0
22	48.0
23	48.0
24	48.0
25	52.0
26	52.0
27	52.0
28	52.0
29	47.0
30	47.0
31	46.0
32	47.0
33	47.0
34	47.0
35	47.0
36	45.0
37	45.0
38	45.0
39	40.0
40	40.0
41	40.0
42	40.0
43	40.0
44	39.0
45	39.0
46	35.0
47	34.0
48	36.0
49	35.0
50	37.0
51	37.0
52	36.0
53	34.0
54	37.0
55	37.0
56	37.0
57	37.0
58	38.0
59	37.0
60	37.0
61	36.0
62	33.0
63	35.0
64	29.0
65	29.0
66	29.0
67	30.0
68	26.0
69	28.0
70	29.0
71	29.0
72	27.0
73	26.0
74	26.0
75	26.0
76	26.0
77	26.0
78	23.0
79	28.0
80	28.0
81	27.0
82	26.0
83	27.0
84	22.0
85	24.0
86	23.0
87	24.0
88	25.0
89	25.0
90	24.0
91	26.0
92	23.0
93	23.0
94	18.0
95	21.0
96	20.0
97	20.0
98	20.0
99	19.0
100	19.0
101	19.0
102	19.0
103	18.0
104	19.0
105	20.0
106	19.0
107	19.0
108	21.0
109	23.0
110	19.0
111	18.0
112	21.0
113	20.0
114	22.0
115	20.0
116	18.0
117	19.0
118	18.0
119	19.0
120	18.0
121	21.0
122	21.0
123	21.0
124	21.0
125	21.0
126	23.0
127	22.0
128	20.0
129	21.0
130	21.0
131	21.0
132	21.0
133	20.0
134	15.0
135	16.0
136	16.0
137	16.0
138	14.0
139	17.0
140	18.0
141	19.0
142	17.0
143	14.0
144	17.0
145	14.0
146	12.0
147	16.0
148	12.0
149	11.0
150	12.0
151	13.0
152	12.0
153	9.0
154	9.0
155	8.0
156	9.0
157	9.0
158	18.0
159	13.0
160	13.0
161	13.0
162	13.0
163	15.0
164	11.0
165	11.0
166	14.0
167	14.0
168	14.0
169	10.0
170	8.0
171	9.0
172	7.0
173	8.0
174	9.0
175	7.0
176	4.0
177	4.0
178	3.0
179	3.0
180	1.0
181	3.0
182	3.0
183	6.0
184	4.0
185	6.0
186	15.0
187	10.0
188	17.0
189	15.0
190	10.0
191	12.0
192	11.0
193	13.0
194	13.0
195	8.0
196	8.0
197	7.0
198	3.0
199	2.0
200	2.0
201	5.0
202	3.0
203	2.0
204	4.0
205	0.0
