1	97.0
2	91.0
3	82.0
4	59.0
5	57.0
6	52.0
7	44.0
8	42.0
9	42.0
10	36.0
11	25.0
12	26.0
13	26.0
14	24.0
15	23.0
16	25.0
17	29.0
18	31.0
19	29.0
20	29.0
21	29.0
22	29.0
23	29.0
24	32.0
25	27.0
26	28.0
27	33.0
28	33.0
29	27.0
30	27.0
31	28.0
32	27.0
33	25.0
34	22.0
35	20.0
36	22.0
37	23.0
38	20.0
39	20.0
40	18.0
41	18.0
42	17.0
43	18.0
44	17.0
45	17.0
46	17.0
47	18.0
48	19.0
49	19.0
50	18.0
51	18.0
52	20.0
53	16.0
54	15.0
55	20.0
56	20.0
57	20.0
58	20.0
59	18.0
60	17.0
61	14.0
62	14.0
63	14.0
64	14.0
65	15.0
66	15.0
67	15.0
68	19.0
69	19.0
70	19.0
71	19.0
72	18.0
73	18.0
74	16.0
75	17.0
76	17.0
77	17.0
78	17.0
79	16.0
80	11.0
81	12.0
82	8.0
83	2.0
84	2.0
85	2.0
86	2.0
87	4.0
88	5.0
89	4.0
90	4.0
91	2.0
92	2.0
93	2.0
94	2.0
95	2.0
96	2.0
97	5.0
98	6.0
99	7.0
100	10.0
101	11.0
102	11.0
103	11.0
104	12.0
105	12.0
106	11.0
107	16.0
108	12.0
109	16.0
110	16.0
111	18.0
112	12.0
113	13.0
114	16.0
115	11.0
116	11.0
117	3.0
118	7.0
119	8.0
120	2.0
121	2.0
122	2.0
123	4.0
124	4.0
125	2.0
126	2.0
127	2.0
128	9.0
129	10.0
130	10.0
131	11.0
132	14.0
133	10.0
134	10.0
135	9.0
136	9.0
137	9.0
138	11.0
139	5.0
140	6.0
141	6.0
142	4.0
143	4.0
144	3.0
145	3.0
146	3.0
147	7.0
148	11.0
149	12.0
150	6.0
151	6.0
152	6.0
153	5.0
154	6.0
155	9.0
156	7.0
157	7.0
158	7.0
159	8.0
160	7.0
161	8.0
162	8.0
163	12.0
164	10.0
165	9.0
166	6.0
167	0.0
