1	130.0
2	126.0
3	123.0
4	118.0
5	114.0
6	101.0
7	96.0
8	97.0
9	77.0
10	65.0
11	68.0
12	71.0
13	66.0
14	63.0
15	66.0
16	53.0
17	44.0
18	40.0
19	40.0
20	38.0
21	32.0
22	28.0
23	29.0
24	31.0
25	26.0
26	24.0
27	26.0
28	27.0
29	27.0
30	21.0
31	21.0
32	21.0
33	22.0
34	23.0
35	28.0
36	27.0
37	31.0
38	29.0
39	30.0
40	31.0
41	27.0
42	28.0
43	28.0
44	26.0
45	21.0
46	22.0
47	24.0
48	22.0
49	23.0
50	23.0
51	22.0
52	19.0
53	16.0
54	14.0
55	12.0
56	13.0
57	16.0
58	16.0
59	16.0
60	13.0
61	14.0
62	12.0
63	14.0
64	14.0
65	14.0
66	14.0
67	15.0
68	15.0
69	14.0
70	16.0
71	13.0
72	14.0
73	22.0
74	20.0
75	19.0
76	22.0
77	25.0
78	24.0
79	28.0
80	23.0
81	26.0
82	17.0
83	20.0
84	20.0
85	16.0
86	13.0
87	16.0
88	18.0
89	19.0
90	17.0
91	20.0
92	20.0
93	19.0
94	24.0
95	24.0
96	26.0
97	26.0
98	17.0
99	17.0
100	15.0
101	15.0
102	15.0
103	10.0
104	12.0
105	13.0
106	13.0
107	16.0
108	19.0
109	19.0
110	20.0
111	17.0
112	15.0
113	14.0
114	14.0
115	13.0
116	10.0
117	13.0
118	14.0
119	14.0
120	15.0
121	14.0
122	11.0
123	11.0
124	9.0
125	10.0
126	12.0
127	9.0
128	8.0
129	7.0
130	8.0
131	9.0
132	8.0
133	7.0
134	8.0
135	14.0
136	10.0
137	8.0
138	8.0
139	8.0
140	9.0
141	10.0
142	8.0
143	8.0
144	10.0
145	10.0
146	10.0
147	7.0
148	8.0
149	9.0
150	8.0
151	8.0
152	8.0
153	8.0
154	5.0
155	6.0
156	5.0
157	5.0
158	5.0
159	1.0
160	0.0