1	2.02612090111
2	4.06146001816
3	6.09357595444
4	8.12376999855
5	11.1422488689
6	14.1678619385
7	16.2165968418
8	19.3023660183
9	21.3474290371
10	24.4210448265
11	26.470252037
12	28.5227758884
13	30.586935997
14	33.7102138996
15	35.7854499817
16	37.8652529716
17	44.1589748859
18	46.2575838566
19	53.6300208569
20	62.0808520317
21	66.2931718826
22	68.4032640457
23	73.703389883
24	75.7939858437
25	77.882062912
26	81.0176808834
27	85.1820509434
28	88.28489995
29	90.3383760452
30	92.3770129681
31	109.757338047
32	112.840327978
33	117.970540047
34	124.102833986
35	131.316440821
36	133.356590033
37	140.489279032
38	144.604274988
39	146.658496857
40	149.738479853
41	157.990423918
42	163.18718791
43	167.308394909
44	171.474004984
45	174.601970911
46	178.771898985
47	182.966740847
48	186.130520821
49	188.259212017
50	190.403064013
51	193.624430895
52	195.777561903
53	197.927794933
54	205.430476904
55	207.567435026
56	211.856462955
57	217.200908899
58	220.391196966
59	223.583289862
60	227.847548962
61	229.96540904
62	233.119349003
63	235.220808983
64	238.369964838
65	243.647933006
66	245.744215012
67	265.695152044
68	268.799208879
69	274.059187889
70	278.244061947
71	280.33236599
72	283.460147858
73	285.540796041
74	288.657969952
75	293.795208931
76	296.89168787
77	299.962687969
78	305.066774845
79	307.10470891
80	312.183256865
81	318.200736046
82	321.19520998
83	329.211005926
84	331.234403849
85	334.260282993
86	336.291797876
87	338.300742865
88	340.321732998
89	344.315778017
90	347.340651989
91	351.349206924
92	354.349323988
93	360.336390018
94	362.344144821
95	367.329521894
96	372.276711941
97	374.265537024
98	376.257272005
99	378.26828599
100	380.296475887
101	384.338155985
102	386.379883051
103	389.45125103
104	391.497189999
105	393.579706907
106	408.120041847
107	412.263082981
108	416.414227009
109	419.509326935
110	423.699650049
111	425.811470032
112	430.034926891
113	432.157074928
114	434.29449296
115	437.482353926
116	441.70687604
117	444.876597881
118	446.999218941
119	451.233855963
120	453.348058939
121	458.645742893
1	2.00515508652
2	4.0194170475
3	7.03173494339
4	15.0878250599
5	19.1173520088
6	22.1160700321
7	24.1223080158
8	27.1326460838
9	29.1608688831
10	32.2115318775
11	34.2370049953
12	36.2563889027
13	38.2812888622
14	41.307254076
15	43.3237469196
16	46.3500580788
17	49.3715860844
18	52.3975889683
19	54.4257969856
20	56.4780449867
21	58.5263180733
22	60.5537130833
23	62.5919399261
24	64.6328248978
25	67.6749060154
26	70.6851708889
27	74.7132809162
28	78.7252719402
29	80.738173008
30	84.7263219357
31	92.6612138748
32	94.6639869213
33	97.6504209042
34	100.637074947
35	103.627979994
36	110.62917304
37	112.621880054
38	114.612560034
39	117.622327089
40	125.663783073
41	130.650804043
42	132.660448074
43	138.689455986
44	142.70621109
45	145.699311972
46	147.692363977
47	153.725321054
48	156.716154099
49	159.705925941
50	173.747081041
51	175.745495081
52	178.746459961
53	185.687654018
54	187.685555935
55	190.681375027
56	201.562603951
57	203.546540022
58	206.510518074
59	208.489845991
60	213.451042891
61	219.364921093
62	228.301477909
63	233.209523916
64	235.176466942
65	244.133935928
66	256.032485962
67	266.964835882
68	282.796632051
69	294.794126987
70	307.75810194
71	310.788491964
72	313.827775955
73	315.86570096
74	335.121573925
75	343.201449871
76	346.193465948
77	348.192852974
78	350.185606956
79	357.155862093
80	359.151673079
81	363.139173985
82	366.13581109
83	368.11916995
84	371.080843925
85	374.05390501
86	376.045216084
87	381.030200958
88	384.027632952
89	387.030330896
90	391.072103977
91	397.138985872
92	400.218515873
93	403.269516945
94	407.32188797
95	409.343097925
96	411.379245996
97	414.454607964
98	417.514549017
99	419.547865868
100	426.759965897
101	434.95096302
102	437.992852926
103	442.043729067
104	449.102866888
105	455.164222002
106	460.190747023
107	469.32685709
108	473.388993025
109	482.549283028
110	484.583807945
111	496.764219046
112	510.042492867
113	523.330631971
114	528.433162928
115	534.533245087
116	554.869683981
117	587.416213989
118	598.55307889
119	600.578546047
120	602.605329037
121	617.900088072
122	619.896463871
123	626.917088032
124	629.922468901
125	631.937531948
126	640.973216057
127	644.989798069
128	647.990972042
129	660.057528019
130	662.069943905
131	666.120974064
132	670.16802001
133	674.249988079
134	676.301969051
135	680.384922981
136	682.436156034
137	694.760391951
138	696.820441961
139	698.880568027
140	701.965395927
141	712.252498865
142	720.506641865
143	767.116093874
144	769.172446012
145	771.217387915
146	780.479781866
147	786.613873959
148	790.748416901
149	792.821014881
150	802.193989992
151	805.278228045
152	807.326160908
153	810.415734053
154	813.532646894
155	816.638428926
156	818.705312014
157	822.855199099
158	825.902575016
159	828.961607933
160	831.002974987
1	2.99702787399
2	5.96814894676
3	7.93787503242
4	9.89285993576
5	11.862557888
6	15.8310759068
7	17.8163268566
8	20.8030548096
9	22.7830688953
10	24.7730128765
11	28.7595078945
12	31.7673490047
13	38.8113758564
14	40.8260538578
15	47.8612809181
16	49.8657398224
17	54.9005839825
18	56.9224059582
19	58.9499659538
20	60.9739289284
21	64.0002980232
22	66.0174520016
23	68.0340738297
24	72.0864670277
25	75.1267149448
26	78.1695168018
27	81.2128310204
28	84.2782649994
29	87.3611528873
30	89.4022848606
31	91.4312520027
32	93.4586338997
33	98.5085840225
34	104.521127939
35	107.547847986
36	109.56970191
37	112.599473953
38	115.608914852
39	117.578763962
40	119.545907974
41	121.514240026
42	123.497502804
43	127.49443984
44	129.476229906
45	131.454032898
46	134.426512003
47	136.387579918
48	138.348919868
49	141.303723812
50	143.277197838
51	145.230645895
52	149.125739813
53	151.091401815
54	153.074468851
55	157.051815033
56	159.04091692
57	161.036224842
58	164.019102812
59	167.958872795
60	169.944330931
61	173.916946888
62	176.905616999
63	182.897686005
64	184.889792919
65	186.874083996
66	188.857298851
67	190.852602005
68	192.865283012
69	194.870054007
70	196.867337942
71	199.858982801
72	202.839341879
73	204.807729959
74	207.752664804
75	209.724133015
76	211.701157808
77	213.687381029
78	215.666864872
79	217.633312941
80	220.599311829
81	224.521468878
82	227.48562789
83	229.457895994
84	231.441965818
85	233.424463987
86	236.407150984
87	238.391086817
88	240.374326944
89	247.274977922
90	251.244943857
91	254.238570929
92	256.230516911
93	259.207314014
94	261.193352938
95	263.17618084
96	265.146952868
97	269.078393936
98	271.019385815
99	274.910001993
100	277.823590994
101	279.770016909
102	282.723594904
103	284.712874889
104	286.693813801
105	288.668047905
106	291.647536993
107	293.618696928
108	295.595350981
109	297.564390898
110	301.556567907
111	305.505316973
112	310.400161028
113	312.368124008
114	315.306561947
115	318.307934999
116	323.304507971
117	326.296640873
118	328.33217001
119	331.383152008
120	334.450655937
121	337.511431932
122	339.532800913
123	341.551608801
124	344.596741915
125	346.634754896
126	350.727744818
127	355.826822996
128	357.86540699
129	360.912186861
130	362.941457987
131	367.997461796
132	370.009169817
133	372.02083683
134	374.039964914
135	377.081981897
136	381.136797905
137	383.142938852
138	386.128804922
139	388.120975971
140	390.112040997
141	392.105522871
142	396.098855972
143	401.091606855
144	403.09580183
145	405.077973843
146	408.050695896
147	410.041874886
148	413.025907993
149	417.006115913
150	419.007332802
151	421.034901857
152	423.108174801
153	426.133038998
154	428.169471979
155	431.24672699
156	433.276913881
157	436.294452906
158	440.329151869
159	442.382332802
160	444.396945953
161	447.418524981
162	450.433126926
163	452.415965796
164	454.407534838
165	457.406983852
166	459.409050941
167	465.408262014
168	467.407891989
169	469.417469978
170	472.431633949
171	475.449702978
172	477.463050842
173	479.49160099
174	481.511690855
175	483.560465813
176	487.668499947
177	489.710307837
178	491.752635956
179	494.831352949
180	496.875178814
181	501.98022294
182	505.04566884
183	508.11936903
184	510.156273842
185	512.215478897
186	514.278810978
187	518.403673887
188	521.498927832
189	525.681375027
190	527.747670889
191	530.830629826
192	533.917708874
193	537.000144958
194	540.115901947
195	554.593557835
196	556.663218021
197	558.711643934
198	563.822721958
199	565.868460894
200	567.904631853
201	570.940495014
202	573.973341942
203	576.014154911
204	578.044122934
205	581.091640949
206	583.122823954
207	585.137858868
208	589.169446945
209	592.172108889
210	595.164783955
211	597.183187008
212	601.214133978
213	603.21816802
214	605.219880819
215	607.215629816
216	610.211218834
217	616.246302843
218	621.281567812
219	623.330797911
220	632.519733906
221	634.552911997
222	640.646553993
223	649.769574881
224	651.808940887
225	659.980037928
226	666.11173296
227	671.222386837
228	674.276645899
229	679.337173939
230	681.353101969
231	685.388073921
232	689.474076986
233	692.532866955
234	696.629937887
235	699.698088884
236	707.790948868
237	710.83582902
238	712.86705184
239	717.930567026
240	720.951363802
241	723.913578987
242	727.899628878
243	737.810336828
244	739.797221899
245	751.855857849
246	760.982272863
247	766.029219866
248	773.069410801
249	777.09147191
250	782.040688992
251	785.03212285
252	790.051499844
253	792.024091005
254	795.001719952
255	796.994064808
256	802.012017965
257	808.001393795
258	822.060351849
259	830.071622849
260	833.069469929
261	835.098219872
262	837.139307022
263	840.183964968
264	842.221664906
265	844.255306005
266	847.308302879
267	849.316634893
268	851.334721804
269	858.44698596
270	862.563298941
271	865.62219882
272	868.706542969
273	870.740811825
274	874.780867815
275	876.821383953
276	878.863790989
277	881.916030884
278	884.981943846
279	887.005329847
280	890.029776812
281	892.02244997
282	895.003575802
283	897.008235931
284	899.989768028
285	905.022414923
286	908.035069942
287	911.069827795
288	917.142155886
289	920.143399954
290	922.169624805
291	931.314224958
292	935.414596796
293	941.607285023
294	945.719110012
295	949.830138922
296	980.988935947
297	985.085286856
298	988.166785002
299	992.24639082
300	994.306567907
301	998.43470192
302	1001.55114484
303	1003.63805199
304	1007.80975294
305	1013.01811886
306	1028.50575089
307	1042.95345402
308	1074.47167087
309	1085.77056599
310	1095.99964285
311	1099.02845883
312	1108.13462996
313	1112.13884783
314	1115.12500286
315	1124.98965383
316	1133.90664983
317	1135.89734197
318	1159.01986694
319	1162.0262239
320	1167.01706481
321	1179.91781688
322	1192.70776391
323	1196.64420295
324	1201.66447783
325	1206.75989079
326	1213.8703289
327	1217.8783288
328	1224.88328195
329	1235.93332887
330	1238.9345789
331	1244.87182784
332	1248.85598087
333	1255.85028982
334	1257.83976483
335	1260.81250882
336	1262.79670596
337	1266.765378
338	1272.69088793
339	1287.49037886
340	1292.42541599
341	1295.39238501
342	1298.36665201
343	1305.26981091
344	1307.24636793
345	1311.19941187
346	1319.13173079
347	1323.03888988
348	1344.42602992
349	1346.37583685
350	1360.12096882
351	1382.93042493
352	1389.79225683
353	1396.66415095
354	1405.46951699
355	1409.36516285
356	1414.25008202
357	1416.22838497
358	1433.06401587
359	1437.03775382
360	1439.03173995
361	1441.99816799
362	1444.98148584
363	1451.93154502
364	1455.91917491
365	1458.88449383
366	1469.75447488
367	1471.74607182
368	1480.74524403
369	1483.74158096
370	1485.74660492
371	1487.75414181
372	1490.77791882
373	1493.84824085
374	1495.89301896
375	1497.93761492
376	1508.09233689
377	1514.10721087
378	1522.16894102
379	1527.234514
380	1531.26612687
381	1533.30633497
382	1537.41849685
383	1548.65306592
384	1554.80485201
385	1565.10641694
386	1567.1898489
387	1571.36839795
388	1578.65121794
389	1581.80653381
390	1590.28249192
391	1600.85454702
392	1602.98434591
393	1605.09886193
394	1609.32751894
395	1613.53322482
396	1618.73093581
397	1620.80132389
398	1623.89199591
399	1629.11285686
400	1633.26964188
401	1635.35144687
402	1640.54811597
403	1643.71106386
404	1646.86353803
405	1659.48752403
406	1662.64238095
407	1665.78505993
408	1669.9599278
409	1676.2239089
410	1678.31827688
411	1683.49900985
412	1688.71832299
413	1693.94962096
414	1700.21069884
415	1702.31150603
416	1719.19940782
417	1724.46684384
418	1726.56035995
419	1735.97209787
420	1763.17326784
421	1768.46555996
422	1771.60214186
423	1774.73372889
424	1777.855124
425	1787.2119019
426	1795.4690609
427	1813.05721092
428	1820.27872491
429	1823.34710193
430	1827.45105982
431	1831.5851059
432	1835.7619698
433	1837.84460902
434	1850.24776101
435	1855.43592286
436	1858.57539797
437	1870.02237797
438	1880.49569082
439	1892.89940691
440	1898.08776188
441	1900.16669488
442	1906.35839891
443	1908.41320491
444	1911.50614595
445	1915.6623199
446	1923.89490199
447	1941.45623183
448	1944.56367803
449	1947.67417789
450	1950.79887891
451	1953.92287493
452	1969.59926581
453	1972.73073983
454	1975.86636686
455	1978.97279501
456	1981.03471899
457	1984.13603783
458	1987.21982789
459	1989.28214097
460	1991.32984996
461	1994.40908003
462	1996.47162294
463	1999.54176188
464	2003.65489888
465	2008.7661829
466	2011.83839893
467	2014.89927983
468	2018.98096299
469	2023.04483795
470	2025.05706692
471	2027.07820702
472	2031.14851689
473	2038.33670998
474	2047.57275581
475	2049.61597681
476	2055.70120788
477	2065.97002697
478	2069.04541397
479	2074.13328481
480	2077.18206787
481	2080.23647189
482	2085.3175149
483	2088.37684393
484	2092.46874595
485	2094.50842881
486	2100.65140891
487	2102.68157983
488	2109.78126502
489	2114.83485389
490	2117.88898396
491	2120.93405199
492	2122.97582293
493	2129.06405902
494	2132.11033583
495	2135.1381309
496	2140.23298192
497	2142.25530887
498	2146.32146192
499	2151.40679097
500	2155.48070002
501	2157.50482583
502	2160.52911186
503	2163.55648184
504	2165.54734683
505	2178.55839396
506	2188.57672286
507	2194.58397889
508	2202.61616898
509	2213.63711381
510	2218.63687682
511	2228.59236288
512	2232.577847
513	2235.6062398
514	2240.60922384
515	2246.65612888
516	2259.76119781
517	2262.78201199
518	2264.81043696
519	2268.82423401
520	2272.83697796
521	2275.85161901
522	2280.89542794
523	2282.91023993
524	2284.93319201
525	2287.96053886
526	2294.00598598
527	2309.12435985
528	2315.17214894
529	2328.35258102
530	2331.40447903
531	2339.57269883
532	2342.61944485
533	2348.729949
534	2355.91469097
535	2368.09984493
536	2370.12401581
537	2374.19808793
538	2376.19791293
539	2379.19576693
540	2382.19698882
541	2387.1914258
542	2392.18104982
543	2394.17880583
544	2399.1935308
545	2404.203444
546	2414.12399888
547	2417.09763098
548	2419.07724285
549	2425.03497601
550	2439.03536892
551	2442.01230192
552	2461.73372388
553	2471.64351988
554	2473.61047792
555	2475.5726788
556	2479.5075829
557	2483.43693399
558	2487.3450079
559	2490.26423693
560	2493.19972992
561	2497.12005091
562	2499.08354092
563	2503.03185296
564	2509.89991784
565	2512.85449791
566	2515.81236601
567	2519.74445987
568	2524.64968801
569	2531.422539
570	2538.19170594
571	2540.12543082
572	2546.86346984
573	2548.80301785
574	2558.57042289
575	2563.42927194
576	2566.35959983
577	2574.22877884
578	2576.19243884
579	2581.12247491
580	2608.12224102
581	2610.06699681
582	2613.96215701
583	2619.86050081
584	2626.72482681
585	2628.67524695
586	2633.54027581
587	2639.31587791
588	2642.20860291
589	2650.95721483
590	2654.88941503
591	2660.77864599
592	2665.72334099
593	2668.68773699
594	2672.60683584
595	2675.53642893
596	2677.46637893
597	2682.31314898
598	2685.23392701
599	2687.19654393
600	2689.15405583
601	2697.97186303
602	2701.92291594
603	2703.88299489
604	2707.77730799
605	2709.72118402
606	2712.61521196
607	2720.38443995
608	2725.247823
609	2727.18863082
610	2729.11573887
611	2731.05057192
612	2737.82891393
613	2740.75334001
614	2742.69744992
615	2744.64265394
616	2746.58903003
617	2751.47501993
618	2754.41431093
619	2760.29587483
620	2771.17850995
621	2775.13331699
622	2777.13552189
623	2780.12463784
624	2784.13311291
625	2789.1384778
626	2796.13634896
627	2799.11944485
628	2808.01827192
629	2814.99081802
630	2816.98004794
631	2819.99007297
632	2821.98152184
633	2823.98836493
634	2849.04301786
1	2.04052615166
2	4.09226918221
3	7.15277600288
4	9.19398212433
5	11.2366211414
6	13.2809751034
7	17.3645851612
8	19.3971421719
9	25.4763422012
10	27.4879181385
11	30.514190197
12	32.5443501472
13	34.5807511806
14	38.6485869884
15	40.6724321842
16	43.7033801079
17	47.7393901348
18	49.7562570572
19	52.7913191319
20	55.8104960918
21	57.8261451721
22	60.8466391563
23	64.8663790226
24	66.8602221012
25	69.8384971619
26	71.8226861954
27	75.8174040318
28	78.8116250038
29	85.8103451729
30	91.8196589947
31	93.8398900032
32	109.088424206
33	111.135271072
34	113.156133175
35	118.210336208
36	120.24341011
37	122.28275919
38	124.320240021
39	129.426599979
40	132.469938993
41	134.501111031
42	136.527212143
43	138.54493618
44	142.603996038
45	148.705922127
46	150.770918131
47	154.907991171
48	163.164004087
49	166.250248194
50	168.305116177
51	177.553687096
52	180.625128031
53	182.697297096
54	185.815235138
55	188.929635048
56	193.078096151
57	197.195968151
58	199.258324146
59	201.359436035
60	212.673654079
61	218.804813147
62	221.891949177
63	228.110479116
64	233.269689083
65	235.307728052
66	239.401085138
67	242.485074043
68	248.644423008
69	253.822436094
70	255.882453203
71	257.932163
72	259.989434004
73	262.031748056
74	264.070497036
75	266.092184067
76	268.119768143
77	271.148859978
78	273.193346977
79	275.24368
80	282.432579041
81	289.584838152
82	291.622768164
83	293.668089151
84	304.850790977
85	309.962044001
86	313.010469198
87	316.098533154
88	319.176836014
89	321.218717098
90	336.604637146
91	345.891120195
92	352.04541111
93	356.171154976
94	362.325220108
95	365.406966209
96	370.462715149
97	376.565325022
98	381.603157997
99	384.627177
100	387.638049126
101	391.628924131
102	393.655362129
103	395.706840992
104	399.839584112
105	402.949576139
106	412.305325985
107	415.432404041
108	417.495531082
109	419.559648037
110	421.610267162
111	423.659404039
112	427.750413179
113	434.903033018
114	440.952308178
115	450.011312008
116	452.026628017
117	454.041421175
118	457.091426134
119	461.162847042
120	463.228721142
121	465.279208183
122	468.345381021
123	471.384518147
124	474.424678087
125	478.534967184
126	480.623610973
127	486.879326105
128	495.226508141
129	500.476466179
130	503.603412151
131	505.67070508
132	507.772680044
133	509.902165174
134	514.115916014
135	516.235387087
136	520.463382006
137	523.597864151
138	526.775679111
139	533.098848104
140	538.366696119
141	540.480523109
142	543.640343189
143	546.807207108
144	550.009175062
145	552.136224985
146	555.303894997
147	557.424241066
148	560.591366053
149	563.804421186
150	567.017206192
151	572.33920002
152	575.549674988
153	579.81467104
154	581.945310116
155	586.228283167
156	589.438669205
157	592.624834061
158	603.227192163
159	606.37242198
160	609.506705999
161	613.668188095
162	616.785323143
163	624.074725151
164	626.161281109
165	629.326349974
166	631.439056158
167	633.554533005
168	636.753710985
169	638.893241167
170	641.015329123
171	643.132431984
172	648.43623209
173	665.403934002
174	671.797469139
175	673.953176022
176	680.41121006
177	682.560588121
178	686.864295006
179	689.019535065
180	699.850033045
181	715.064296007
182	722.663563013
183	735.694818974
184	737.861307144
185	744.283354998
186	758.170173168
187	760.32252121
188	772.067453146
189	776.345191002
190	787.045783997
191	789.192963123
192	794.620570183
193	796.785962105
194	804.303976059
195	808.56313014
196	824.433367014
197	827.583255053
198	835.956372023
199	842.210721016
200	844.331072092
201	850.707602024
202	852.821991205
203	854.942111015
204	857.077557087
205	866.71944499
206	872.015912056
207	875.220832109
208	879.516947031
209	889.154488087
210	891.284521103
211	893.424097061
212	914.736483097
213	933.887078047
214	943.456743002
215	946.694461107
216	959.62612319
217	963.978155136
218	989.130367994
219	991.314450026
220	997.870261192
221	1000.07136798
222	1003.34905314
223	1007.69391608
224	1013.09156418
225	1016.35779309
226	1020.71754003
227	1022.894804
228	1028.36039019
229	1030.538872
230	1034.87199903
231	1038.14483309
232	1040.29735017
233	1042.44486618
234	1047.78650904
235	1049.92408204
236	1053.171139
237	1058.561584
238	1061.82369518
239	1065.12502718
240	1070.673352
241	1076.19993711
242	1086.04830909
243	1088.22277808
244	1090.37965107
245	1092.5321672
246	1096.8122611
247	1102.13792109
248	1108.54046917
249	1110.67067504
250	1117.06526613
251	1130.888345
252	1139.37267613
253	1141.51512909
254	1145.76905608
255	1147.9148922
256	1151.12847614
257	1157.52561808
258	1159.65544605
259	1161.77843499
260	1163.90275002
261	1167.104285
262	1178.75907397
263	1190.44147515
264	1195.73867512
265	1197.83318901
266	1203.05612206
267	1209.32764816
268	1211.42756915
269	1214.60791898
270	1225.16694403
271	1227.26542115
272	1229.34837508
273	1232.47768998
274	1234.54969811
275	1237.66452599
276	1239.75258112
277	1242.87912512
278	1244.95321107
279	1249.10121202
280	1253.26630616
281	1271.04844403
282	1276.26380801
283	1280.4340651
284	1285.61782408
285	1294.89411402
286	1302.098423
287	1306.20359302
288	1309.28090715
289	1311.35534906
290	1321.7692852
291	1333.20297718
292	1337.35150504
293	1340.48474503
294	1342.58606315
295	1345.75323105
296	1347.8653872
297	1352.10824203
298	1357.41349912
299	1361.67422509
1	2.02132797241
2	6.05591702461
3	9.09100294113
4	11.105946064
5	13.1218729019
6	15.1719360352
7	17.2171740532
8	19.2651860714
9	22.3140790462
10	24.3331689835
11	26.3267359734
12	30.2930500507
13	32.2846000195
14	34.2779278755
15	36.2824370861
16	41.2805440426
17	44.2803890705
18	46.2782969475
19	49.2863349915
20	51.3125720024
21	54.3735640049
22	56.4115660191
23	59.4830479622
24	61.5523979664
25	64.6462230682
26	69.8541829586
27	74.0248060226
28	78.1846690178
29	83.4417459965
30	88.7671210766
31	90.8840289116
32	95.0899200439
33	99.2872569561
34	106.610976934
35	112.870743036
36	114.987489939
37	117.112294912
38	120.292489052
39	122.414558887
40	124.536638021
41	127.693832874
42	135.121773005
43	141.530615091
44	144.727209091
45	147.924856901
46	150.026293039
47	152.115514994
48	156.264328957
49	164.487097979
50	168.601492882
51	170.663492918
52	173.737982035
53	180.983476877
54	186.131398916
55	192.385592937
56	196.584018946
57	200.77245307
58	204.992341042
59	207.088645935
60	213.37816596
61	216.556626081
62	220.799436092
63	222.917099953
64	225.0379529
65	228.215692997
66	233.49499011
67	235.590354919
68	241.877027035
69	245.021380901
70	247.121690035
71	257.54282999
72	260.668221951
73	262.754143
74	265.865748882
75	268.981662035
76	271.03173995
77	274.093072891
78	285.360107899
79	288.432910919
80	290.475209951
81	293.559547901
82	295.610647917
83	301.768734932
84	304.825880051
85	308.877499104
86	311.942171097
87	313.982299089
88	317.052062035
89	326.329432964
90	328.38082099
91	339.721958876
92	343.826951027
93	345.899642944
94	347.974298
95	350.059295893
96	355.248907089
97	360.43104291
98	363.521502018
99	366.629759073
100	368.704035044
101	375.996589899
102	380.174210072
103	382.254345894
104	388.504841089
105	395.761310101
106	412.263333082
107	431.872428894
108	437.968816042
109	447.10633111
110	450.111442089
111	453.136180878
112	457.190046072
113	470.386755943
114	484.486602068
115	486.492132902
116	488.49702692
117	493.498666048
118	496.450040102
119	504.313142061
120	506.26178503
121	508.2169981
122	510.169369936
123	515.022193909
124	522.767848015
125	525.693773031
126	527.638302088
127	529.598155022
128	533.531111956
129	537.485012054
130	540.467755079
131	542.464834929
132	549.491173983
133	551.500153065
134	554.524107933
135	556.549254894
136	558.615601063
137	563.808324099
138	571.039037943
139	574.152426004
140	581.3985219
141	588.578157902
142	590.652191877
143	593.748497963
144	596.799591064
1	2.02802610397
2	4.06085801125
3	7.0851290226
4	9.10539507866
5	11.1211760044
6	13.1384570599
7	16.1645300388
8	22.2088332176
9	24.1995601654
10	28.17476511
11	33.133546114
12	35.1233730316
13	40.1248691082
14	42.1367321014
15	45.1742770672
16	50.2142012119
17	53.2486572266
18	57.2968361378
19	59.3455910683
20	62.4080281258
21	64.4738321304
22	66.5530490875
23	69.6292412281
24	72.6800630093
25	78.7890620232
26	80.8360431194
27	89.0463411808
28	95.2041020393
29	100.303476095
30	122.759596109
31	126.827807188
32	131.9098351
33	139.053707123
34	146.239856005
35	148.307453156
36	151.409562111
37	153.484174013
38	159.695481062
39	163.864639044
40	165.968797207
41	168.074762106
42	172.268137217
43	184.812138081
44	187.95266819
45	194.22759819
46	196.327238083
47	198.424514055
48	201.620449066
49	206.849179029
50	210.031160116
51	216.375457048
52	221.596237183
53	243.514965057
54	245.626063108
55	256.222248077
56	258.350949049
57	263.65895009
58	266.839483023
59	268.985640049
60	273.305577993
61	278.705792189
62	280.859004021
63	284.067662001
64	286.185657024
65	291.4731071
66	294.619371176
67	296.702146053
68	301.89420414
69	303.989044189
70	306.082313061
71	309.209323168
72	312.340135098
73	314.429387093
74	316.514412165
75	321.676364183
76	323.733167171
77	325.807949066
78	329.946185112
79	334.140191078
80	338.285927057
81	343.411344051
82	345.475001097
83	349.613921165
84	355.847153187
85	357.934233189
86	360.013344049
87	362.071160078
88	364.151734114
89	366.223864079
90	368.28534317
91	372.428156137
92	375.550529003
93	377.61809516
94	379.668992996
95	381.684941053
96	383.709158182
97	388.831888199
98	392.916845083
99	395.951463223
100	401.035291195
101	405.111610174
102	407.145024061
103	414.28187108
104	419.326372147
105	422.374835014
106	429.511924028
107	435.670192003
108	451.081458092
109	455.209275007
110	458.325737
111	462.445954084
112	470.665091038
113	473.766079187
114	484.065726042
115	503.645936012
116	506.764746189
117	508.843499184
118	511.966962099
119	514.037730217
120	519.195387125
121	522.257394075
122	527.425414085
123	529.498702049
124	533.673566103
125	537.875363111
126	539.973034143
127	545.166640043
128	549.356311083
129	551.44068408
130	553.51245904
131	555.571949005
132	558.67000103
133	566.937768221
134	568.997236013
135	571.054484129
136	575.14668107
137	577.204953194
138	579.266396046
139	583.398275137
140	589.64748311
141	592.747840166
142	597.869202137
143	600.945250034
144	604.02808404
145	612.188309193
146	616.251718044
147	621.400496006
148	628.620470047
149	631.725294113
150	642.202183008
151	646.43801713
152	653.920466185
153	658.206822157
154	662.491737127
155	665.69196701
156	667.823512077
157	669.949550152
158	672.052653074
159	677.256262064
160	679.35007
161	681.443441153
162	683.513244152
163	687.637947083
164	690.713534117
165	693.797169209
166	695.846727133
167	701.985405207
168	705.078798056
169	707.133255005
170	712.294410229
171	719.458559036
172	722.561283112
173	727.760968208
174	730.941367149
175	735.146302223
176	737.272004128
177	740.481932163
178	742.605190992
179	745.808067083
180	747.93939209
181	750.057029009
182	752.158302069
183	758.418489218
184	761.535366058
185	765.643029213
186	769.711662054
187	773.794317007
188	775.8307302
189	778.896003008
190	781.974961996
191	805.469235182
192	808.548022032
1	2.03874516487
2	5.07505202293
3	9.1014111042
4	11.113902092
5	13.1163840294
6	16.1149680614
7	18.11819911
8	20.1130890846
9	22.1222879887
10	24.1235971451
11	26.1087331772
12	29.0752501488
13	36.1660981178
14	38.2213261127
15	42.3175871372
16	46.4513599873
17	49.5465841293
18	51.6087810993
19	54.707763195
20	56.7915480137
21	68.274023056
22	71.4208011627
23	73.5181920528
24	75.6269230843
25	79.8579070568
26	81.978718996
27	84.1144239902
28	86.2627260685
29	88.4039180279
30	90.5401570797
31	94.8263220787
32	101.321702003
33	103.488125086
34	105.670686007
35	107.861073017
36	111.136373043
37	115.450890064
38	123.044592142
39	127.353574038
40	131.653351068
41	133.818129063
42	135.984038115
43	141.386802197
44	144.55996418
45	147.766396999
46	149.902997017
47	153.100396156
48	162.762364149
49	164.909183979
50	169.188402176
51	171.343288183
52	174.561139107
53	180.979170084
54	193.713968039
55	204.334053993
56	212.858906984
57	215.005283117
58	217.14530015
59	221.474920034
60	227.952020168
61	236.617071152
62	246.265455008
63	250.552101135
64	253.767265081
65	263.39033103
1	2.01254701614
2	5.9994058609
3	9.03018188477
4	11.0473229885
5	14.0725018978
6	16.1172659397
7	18.1784069538
8	21.2546770573
9	25.3715839386
10	27.4289879799
11	31.5198619366
12	33.6036980152
13	35.6812410355
14	48.1609430313
15	51.2600460052
16	55.3832788467
17	58.4996979237
18	60.5807099342
19	62.6670060158
20	69.9602019787
21	76.2162549496
22	78.3050050735
23	84.579200983
24	86.6785609722
25	89.828412056
26	92.9927699566
27	101.427278996
28	103.54420805
29	106.74428606
30	108.867732048
31	110.996660948
32	113.140452862
33	116.36788702
34	127.061738968
35	130.311084986
36	134.660506964
37	136.842376947
38	141.188395023
39	143.331074953
40	146.53122592
41	149.737103939
42	152.984273911
43	155.11814785
44	158.317595959
45	162.570231915
46	164.691406965
47	170.035438061
48	178.647405863
49	181.887652874
50	185.168534994
51	190.64745307
52	195.061817884
53	197.251159906
54	210.386541843
55	219.175250053
56	221.403292894
57	225.872876883
58	234.785367012
59	238.147872925
60	240.381622076
61	249.280627966
62	252.595999956
63	255.918124914
64	264.774484873
65	270.346072912
66	273.702061892
67	275.930369854
68	287.046805859
69	290.381388903
70	292.584760904
71	294.770500898
72	296.947185993
73	299.139056921
74	301.326341867
75	304.592100859
76	308.943966866
77	314.370948076
78	320.910085917
79	323.078836918
80	327.392412901
81	336.016530991
82	339.256875038
83	344.666753054
84	349.02146697
85	353.366863012
86	355.53254199
87	359.892946959
88	373.91345191
89	378.207788944
90	382.518025875
91	384.698718071
92	390.134683847
93	394.456516027
94	397.679672003
95	399.823231936
96	403.022129059
97	415.878005028
98	419.163063049
99	425.784604073
100	430.216636896
101	432.419929981
102	434.61796093
103	440.031622887
104	442.170489073
105	446.468189001
106	451.81059885
107	458.178014994
108	460.321896076
109	462.477689028
110	465.705612898
111	468.945673943
112	472.189035892
113	477.560219049
114	479.702381849
115	481.843153
116	483.998232841
117	486.163341045
118	488.334111929
119	490.503604889
120	495.941424847
121	498.122528076
122	506.911324024
123	511.296566963
124	515.701416969
125	524.426781893
126	527.714828014
127	530.972012997
128	536.401468992
129	547.307159901
130	549.490160942
131	552.764330864
132	556.044800997
133	560.403288841
134	565.841505051
135	572.351134062
136	575.610029936
137	577.800376892
138	581.105015039
139	587.703009844
140	594.364501953
141	596.57696104
142	602.118511915
143	604.338466883
144	606.582112074
145	609.910261869
146	612.135788918
147	614.351310015
148	617.705263853
149	623.275574923
150	625.49010396
151	631.063127041
152	633.276109934
153	636.577242851
154	639.866050959
155	645.321243048
156	647.502753019
157	651.883327007
158	655.173846006
159	657.366165876
160	662.859190941
161	666.147503853
162	679.231652975
163	681.402597904
164	683.57285285
165	687.927754879
166	693.386126995
167	697.728044987
168	703.120991945
169	705.296247959
170	708.545799971
171	711.79843998
172	716.129545927
173	724.72260499
174	729.067538023
175	734.56317997
176	738.931411982
177	741.114282846
178	745.483346939
179	747.656523943
180	749.834481955
181	754.159437895
182	759.602596998
183	762.831228971
184	768.246515036
185	771.452955008
186	774.602459908
187	779.862707853
188	781.970674038
189	785.125926971
190	789.366817951
191	793.574883938
192	800.946337938
193	804.128911972
194	807.28678894
195	809.395842075
196	811.526445866
197	814.735821009
198	816.874835014
199	823.284335852
200	826.505033016
201	835.074553013
202	858.509291887
203	863.815787077
204	869.084115982
205	873.318912029
206	875.420894861
207	880.656866074
208	888.975342989
209	893.157608032
210	899.433562994
211	901.56301403
212	905.824790955
213	910.074583054
214	914.274091005
215	927.882874966
216	932.104882002
217	935.248554945
218	937.312186956
219	939.370857954
220	941.421642065
221	947.547029018
222	956.63330698
223	959.662102938
224	967.79202199
225	978.905591011
226	980.953750849
227	984.057540894
228	988.167129993
229	991.286581993
230	994.376791
231	996.445291042
232	1000.58007789
233	1007.76492286
234	1010.84580708
235	1013.90488887
236	1015.92765594
237	1017.93982792
238	1020.94307685
239	1023.95635486
240	1025.96678901
241	1028.98397088
242	1032.00174093
243	1035.01372695
244	1037.00580192
245	1039.99538589
246	1042.99848199
247	1044.99084496
248	1046.97982597
249	1050.98010802
250	1059.01885104
251	1065.02498984
252	1071.00005198
253	1075.99713397
254	1077.98776793
255	1079.97267294
256	1081.95934486
257	1083.93787789
258	1100.780545
259	1104.73444104
260	1106.70388889
261	1113.64353204
262	1117.60899997
263	1122.55882001
264	1124.56675506
265	1128.60648584
266	1133.64263105
267	1149.65301394
268	1153.67245293
269	1156.68608093
270	1174.84740496
271	1176.86305499
272	1183.87501192
273	1200.815521
274	1203.81660986
275	1207.82514405
276	1209.84468985
277	1211.86475492
278	1213.88711786
279	1215.88077903
280	1217.88254786
281	1220.89468098
282	1229.92113495
283	1231.92540407
284	1244.85581088
285	1248.85475588
286	1250.87601805
287	1254.90445089
288	1261.92493796
289	1264.9598279
290	1268.00030088
291	1276.17755103
292	1281.23119593
293	1284.25965905
294	1289.31904292
295	1294.40759993
296	1296.42791891
297	1303.52102089
298	1313.64438987
299	1315.7077179
300	1318.79005694
301	1329.04532385
302	1332.13566899
303	1335.27210402
304	1338.415519
305	1341.58489394
306	1344.74632287
307	1346.89126301
308	1350.0801909
309	1355.38350105
310	1357.51954198
311	1360.70670891
312	1366.01336694
313	1372.35283303
314	1374.45013094
315	1376.55879188
316	1379.6723969
317	1384.86234498
318	1386.95912099
319	1389.04431796
320	1391.13120484
321	1393.22780991
322	1397.39738297
323	1399.47515607
324	1403.64511585
325	1414.06690192
326	1416.17716885
327	1418.27620006
328	1420.37781787
329	1422.47821903
330	1428.80476785
331	1432.98966694
332	1436.15356994
333	1440.40968895
334	1443.57902789
335	1446.73343301
336	1448.84899998
337	1452.05483484
1	5.13786387444
2	7.1940510273
3	9.25842404366
4	14.4750480652
5	16.5607690811
6	18.6273908615
7	20.7012610435
8	24.874712944
9	29.0757398605
10	34.2873780727
11	38.4753029346
12	42.6802489758
13	47.9000749588
14	51.0181999207
15	57.2449660301
16	59.3358609676
17	63.5170719624
18	75.0600159168
19	77.1399478912
20	82.2766499519
21	91.4426829815
22	93.4930698872
23	97.6685769558
24	116.541765928
25	121.801078081
26	129.144320011
27	132.313843966
28	135.48785305
29	141.7404809
30	143.840692043
31	148.02245903
32	151.158222914
33	153.264245033
34	155.381499052
35	164.87560606
36	170.179786921
37	173.315100908
38	175.422468901
39	180.735334873
40	183.93738699
41	188.189460993
42	194.63842988
43	198.93561697
44	209.659676075
45	216.086529016
46	222.479635954
47	229.968672037
48	237.349977016
49	244.745835066
50	254.421434879
51	257.664988995
52	259.837034941
53	265.288574934
54	267.475269079
55	270.772599936
56	274.055609941
57	277.35795188
58	280.632982969
59	282.831048012
60	285.038570881
61	291.650753975
62	293.867070913
63	297.19636488
64	299.417329073
65	302.726507902
66	312.66227293
67	315.949830055
68	320.282186031
69	323.533092022
70	325.694751024
71	327.848352909
72	334.297904015
73	336.46586895
74	339.719655991
75	341.875664949
76	347.226587057
77	350.425832987
78	353.618911028
79	356.772331953
80	358.896636963
81	367.344753981
82	369.462853909
83	373.726083994
84	375.861458063
85	377.972841024
86	380.082443953
87	384.284115076
88	387.475658894
89	389.613487959
90	392.804089069
91	394.938930988
92	397.042562008
93	399.144340992
94	402.294451952
95	405.436547995
96	407.529094934
97	410.648304939
98	415.848794937
99	417.936266899
100	421.04539609
101	426.299699068
102	428.382448912
103	430.472285032
104	434.671416998
105	436.76094389
106	445.134015083
107	453.450128078
108	457.595866919
109	460.717069864
110	462.795734882
111	464.883055925
112	466.974488974
113	473.225310087
114	478.410606861
115	480.495151043
116	485.729055882
117	487.817275047
118	496.180491924
119	501.423969984
120	503.526015997
121	506.682695866
122	509.834353924
123	511.933642864
124	514.033881903
125	519.347822905
126	521.49197197
127	532.184992075
128	534.331415892
129	538.597404957
130	543.914386988
131	546.03666091
132	555.52442503
133	561.894291878
134	568.214925051
135	576.665828943
136	581.958983898
137	584.055981874
138	588.24656105
139	597.761636972
140	599.886336088
141	602.020509005
142	605.208806992
143	607.326221943
144	610.49752903
145	612.611362934
146	618.945472956
147	621.05340004
148	623.188764095
149	630.690629005
150	633.871066093
151	637.089421034
152	639.212159872
153	645.592940092
154	647.729636908
155	655.207138062
156	662.62310791
157	666.870450974
158	671.126475096
159	679.57824707
160	681.690126896
161	684.878475904
162	686.988667011
163	690.14766407
164	692.251347065
165	696.444909096
166	698.538147926
167	702.722912073
1	2.0421500206
2	4.08017611504
3	7.16129994392
4	9.21814990044
5	11.2620151043
6	13.2940630913
7	15.3306539059
8	17.3683440685
9	19.4124100208
10	22.4612209797
11	24.4882740974
12	27.5478870869
13	32.6524250507
14	34.6893270016
15	36.719178915
16	40.7739920616
17	44.8438079357
18	46.8786969185
19	49.938792944
20	53.0225219727
21	55.0595269203
22	59.105107069
23	61.1758921146
24	63.2043640614
25	65.2402670383
26	67.2488861084
27	69.2702009678
28	73.2481849194
29	75.2091910839
30	78.1510879993
31	80.1108269691
32	84.0341570377
33	85.9905359745
34	89.8929150105
35	91.8071479797
36	94.6606869698
37	100.372978926
38	103.215552092
39	105.099056959
40	107.927002907
41	109.817269087
42	111.722184896
43	113.633790016
44	115.544243097
45	118.409457922
46	121.310952902
47	124.206278086
48	127.134233952
49	133.988743067
50	142.867465973
51	146.773077011
52	149.68779397
53	151.643865108
54	153.61025095
55	156.55231595
56	159.522470951
57	164.506216049
58	168.456074953
59	170.431657076
60	173.39834094
61	177.398960114
62	189.300339937
63	194.316544056
64	198.337548971
65	204.325083017
66	221.217839956
67	226.170176029
68	230.193615913
69	232.221394062
70	238.293853998
71	240.316915035
72	249.403184891
73	254.434159994
74	258.499735117
75	262.555387974
76	265.589816093
77	267.624531031
78	269.643883944
79	273.672674894
80	275.680982113
81	280.68097496
82	282.689489126
83	285.714217901
84	290.720557928
85	295.753041983
86	297.749111891
87	299.730684042
88	305.709368944
89	307.716134071
90	312.73760891
91	317.773845911
92	320.794601917
93	322.82972312
94	329.959721088
95	333.018297911
96	335.058063984
97	337.098031044
98	339.156814098
99	343.242536068
100	346.393332958
101	350.634865999
102	358.026815891
103	364.248547077
104	371.580064058
105	373.689204931
106	375.800666094
107	382.090428114
108	386.289333105
109	388.36243701
110	390.420793056
111	392.473809004
112	394.520139933
113	401.635925055
114	408.672763109
115	410.670602083
116	414.69524312
117	416.715837002
118	418.734915972
119	422.76543808
120	425.826174974
121	427.857661963
122	435.886632919
123	437.880161047
124	441.897124052
125	449.904460907
126	451.903441906
127	463.989753008
128	465.988574028
129	469.95562005
130	507.838699102
131	509.829790115
132	511.842767
133	515.866580963
134	517.869349003
135	526.904340029
136	534.9459939
137	536.94897294
138	547.943608046
139	568.926852942
140	570.907332897
141	574.848150015
142	577.799684048
143	582.762213945
144	585.769557953
145	588.78550005
146	597.769356966
147	627.359745979
148	631.319947004
149	652.133377075
150	654.134107113
151	658.15201807
152	662.144766092
153	670.145697117
154	676.130362988
155	678.137754917
156	684.186160088
157	688.242355108
158	690.26970005
159	695.274569988
160	699.257472992
161	704.309005976
162	718.603368044
163	721.662082911
164	730.790137053
165	734.82696104
166	749.014955997
167	754.071032047
168	763.174391985
169	771.298563957
170	791.682213068
171	793.752834082
172	795.82121706
173	797.898611069
174	799.978810072
175	807.225846052
176	811.30407095
177	814.360156059
178	821.506583929
179	834.81536293
180	836.839184999
181	859.331573963
182	881.775283098
183	891.837879896
184	895.871834993
185	900.90512991
186	907.930239916
187	910.928055048
188	913.942502022
189	918.955915928
190	932.051856041
191	935.058092117
192	937.074800968
193	942.082410097
194	953.057575941
195	956.046056032
196	962.035768986
197	967.079008102
198	970.108642101
199	972.149017096
200	980.261419058
201	983.288687944
202	985.299875021
203	995.322700977
204	998.335021019
205	1004.34948802
