1	3.68204212189	2.0
2	1.95592188835	2.0
3	4.89431905746	2.0
4	1.93877911568	2.0
5	2.94729089737	2.0
6	8.69340491295	2.0
7	3.98252797127	2.0
8	2.93914484978	2.0
9	2.9683880806	2.0
10	1.9800491333	2.0
11	3.94786095619	2.0
12	4.9227001667	2.0
13	2.98756599426	2.0
14	1.9851500988	2.0
15	6.00726699829	2.0
16	3.94107699394	2.0
17	7.93036103249	2.0
18	4.06211400032	2.0
19	4.98306798935	2.0
20	27.9724061489	2.0
21	43.7282781601	2.0
22	1.96553277969	2.0
23	5.94284415245	2.0
24	14.7907619476	2.0
25	11.8933801651	2.0
26	3.91587805748	2.0
27	11.8150720596	2.0
28	11.9809651375	2.0
29	10.9403288364	2.0
30	13.0552489758	2.0
31	3.02205991745	2.0
32	6.08220100403	2.0
33	2.01392292976	2.0
34	2.00164794922	2.0
35	1.9923760891	2.0
36	4.97544884682	2.0
37	1.98389601707	2.0
38	4.9764881134	2.0
39	1.97436213493	2.0
40	7.96057391167	2.0
41	1.96985387802	2.0
42	3.94115614891	2.0
43	5.9263780117	2.0
44	3.91211605072	2.0
45	12.7724270821	2.0
46	6.89859485626	2.0
47	28.3794081211	2.0
48	1.96817708015	2.0
49	1.95217704773	2.0
50	2.92817282677	2.0
51	1.98064303398	2.0
52	6.07005786896	2.0
53	2.15917205811	2.0
54	7.08631086349	2.0
55	11.0118069649	2.0
56	6.95556092262	2.0
57	7.78870916367	2.0
58	2.98029112816	2.0
59	8.02493596077	2.0
60	7.19832921028	2.0
61	4.13531899452	2.0
62	10.030616045	2.0
63	11.3892889023	2.0
64	4.06357097626	2.0
65	2.02428507805	2.0
66	12.1943700314	2.0
67	4.9912340641	2.0
68	30.8904211521	2.0
69	9.98329496384	2.0
70	2.01226711273	2.0
71	6.06200909615	2.0
72	2.00869083405	2.0
73	7.02098202705	2.0
74	8.95866394043	2.0
75	2.0042450428	2.0
76	11.4969539642	2.0
77	2.03648686409	2.0
78	6.37590289116	2.0
79	2.03780794144	2.0
80	15.3241009712	2.0
81	2.97607707977	2.0
82	4.26959991455	2.0
83	6.46710801125	2.0
84	6.24100399017	2.0
85	2.05967879295	2.0
86	8.2669107914	2.0
87	7.40426111221	2.0
88	1.98506116867	2.0
89	9.00722813606	2.0
90	7.91003489494	2.0
91	3.91120004654	2.0
92	2.94108819962	2.0
93	4.95677804947	2.0
94	5.93372321129	2.0
95	5.94702076912	2.0
96	6.91919708252	2.0
97	11.9578850269	2.0
98	8.98993992805	2.0
99	7.16660404205	2.0
100	9.16539216042	2.0
101	5.07942390442	2.0
102	14.0411970615	2.0
103	1.94924497604	2.0
104	4.9994301796	2.0
105	1.98816990852	2.0
106	2.01553010941	2.0
107	3.9973590374	2.0
108	5.96814918518	2.0
109	17.0133588314	2.0
110	4.02186107635	2.0
111	2.06739401817	2.0
112	13.0024819374	2.0
113	2.95063281059	2.0
114	5.86965203285	2.0
115	2.89828205109	2.0
116	1.93536996841	2.0
117	1.92269992828	2.0
118	1.93128609657	2.0
119	3.85255098343	2.0
120	10.4156618118	2.0
121	3.86208415031	2.0
122	8.70039510727	2.0
123	1.90041685104	2.0
124	7.88643789291	2.0
125	3.82625603676	2.0
126	5.71867084503	2.0
127	2.8844370842	2.0
128	15.5487120152	2.0
129	6.87550783157	2.0
130	2.97275996208	2.0
131	1.99840712547	2.0
132	9.71739888191	2.0
133	3.00324892998	2.0
134	8.73461008072	2.0
135	1.96620583534	2.0
136	8.64007997513	2.0
137	10.7122120857	2.0
138	2.90817284584	2.0
139	3.94676399231	2.0
140	4.87296485901	2.0
141	1.95148301125	2.0
142	5.79608392715	2.0
143	7.8742389679	2.0
144	2.90527391434	2.0
145	26.9260790348	2.0
146	16.9150700569	2.0
147	2.93550992012	2.0
148	2.88969111443	2.0
149	4.74494194984	2.0
150	2.90840697289	2.0
151	2.99529385567	2.0
152	8.71872901917	2.0
153	3.90132308006	2.0
154	15.6000301838	2.0
155	1.9293551445	2.0
156	1.9003059864	2.0
157	6.77441191673	2.0
158	5.87233400345	2.0
159	9.86380791664	2.0
160	3.88208293915	2.0
161	4.78237891197	2.0
162	7.72560596466	2.0
163	6.68545389175	2.0
164	6.64979100227	2.0
165	4.80992507935	2.0
166	1.90753602982	2.0
167	2.8530421257	2.0
168	1.92273688316	2.0
169	10.5042390823	2.0
170	14.42344594	2.0
171	2.84547686577	2.0
172	1.92799115181	2.0
173	4.82590508461	2.0
174	1.93046593666	2.0
175	3.8756070137	2.0
176	4.81378078461	2.0
177	1.95814108849	2.0
178	8.99156999588	2.0
179	1.94775509834	2.0
180	8.73564696312	2.0
181	5.84952902794	2.0
182	4.96824812889	2.0
183	5.82770895958	2.0
184	3.87289500237	2.0
185	5.8682308197	2.0
186	5.8716750145	2.0
187	1.97034192085	2.0
188	2.96269607544	2.0
189	1.95397806168	2.0
190	1.95053911209	2.0
191	2.91904306412	2.0
192	8.63187289238	2.0
193	1.92865300179	2.0
194	1.9400229454	2.0
195	9.53971791267	2.0
196	1.95698189735	2.0
197	4.87516593933	2.0
198	2.90828204155	2.0
199	3.93672204018	2.0
200	1.96647810936	2.0
201	2.89741301537	2.0
202	3.84917402267	2.0
203	4.76812386513	2.0
204	9.69542694092	2.0
205	2.96860599518	2.0
206	11.6851089001	2.0
207	1.95590400696	2.0
208	5.92802500725	2.0
209	1.95121884346	2.0
210	1.94878697395	2.0
211	3.94752001762	2.0
212	1.95527911186	2.0
213	2.05713200569	2.0
214	1.93167304993	2.0
215	4.83636879921	2.0
216	6.72915005684	2.0
217	3.84066009521	2.0
218	2.94333696365	2.0
219	5.88260006905	2.0
220	5.99537301064	2.0
221	7.87393403053	2.0
222	8.76294612885	2.0
1	4.82977509499	2.0
2	2.90597486496	2.0
3	2.95344209671	2.0
4	4.77536702156	2.0
5	6.74484801292	2.0
6	2.8711130619	2.0
7	2.84050607681	2.0
8	1.89472079277	2.0
9	2.83179402351	2.0
10	1.92515707016	2.0
11	1.99928379059	2.0
12	1.99521207809	2.0
13	2.07372403145	2.0
14	2.02013897896	2.0
15	2.93954706192	2.0
16	2.97322583199	2.0
17	3.98312878609	2.0
18	6.07238793373	2.0
19	2.97977590561	2.0
20	2.05300807953	2.0
21	2.00185513496	2.0
22	3.07195782661	2.0
23	3.05493712425	2.0
24	7.1484618187	2.0
25	3.05346417427	2.0
26	3.0459280014	2.0
27	9.05995702744	2.0
28	1.98050403595	2.0
29	1.9840722084	2.0
30	9.03960704803	2.0
31	2.92061185837	2.0
32	1.98376011848	2.0
33	1.95707583427	2.0
34	7.02899909019	2.0
35	3.96248888969	2.0
36	4.96665906906	2.0
37	2.12004518509	2.0
38	2.02026796341	2.0
39	1.95659780502	2.0
40	4.90323615074	2.0
41	3.94013905525	2.0
42	1.96587991714	2.0
43	1.99281811714	2.0
44	1.97269082069	2.0
45	2.91163706779	2.0
46	2.87461090088	2.0
47	1.93391394615	2.0
48	1.94062709808	2.0
49	1.93557310104	2.0
50	5.8271791935	2.0
51	1.957280159	2.0
52	1.96988606453	2.0
53	2.95258307457	2.0
54	1.95882797241	2.0
55	1.97720909119	2.0
56	3.00941896439	2.0
57	1.98397183418	2.0
58	2.97968912125	2.0
59	1.9790661335	2.0
60	1.98638081551	2.0
61	2.08868408203	2.0
62	6.31729912758	2.0
63	8.16994905472	2.0
64	3.09721088409	2.0
65	9.11632108688	2.0
66	2.02434396744	2.0
67	7.07573795319	2.0
68	8.13375115395	2.0
69	8.33389282227	2.0
70	6.30959510803	2.0
71	12.3494701385	2.0
72	6.92503595352	2.0
73	5.8969078064	2.0
74	9.02491092682	2.0
75	5.84626221657	2.0
76	1.92456698418	2.0
77	3.90106081963	2.0
78	22.8108711243	2.0
79	14.0504608154	2.0
80	17.0407299995	2.0
81	19.0925190449	2.0
82	9.27600598335	2.0
83	3.0066640377	2.0
84	7.09625387192	2.0
85	7.75856113434	2.0
86	3.85884785652	2.0
87	21.3162839413	2.0
88	15.329941988	2.0
89	23.1898288727	2.0
90	16.4431679249	2.0
91	5.85265398026	2.0
92	1.91042900085	2.0
93	2.8508810997	2.0
94	19.9269390106	2.0
95	11.3526728153	2.0
96	21.6837289333	2.0
97	12.2466650009	2.0
98	10.4472589493	2.0
99	11.3722159863	2.0
100	1.88748598099	2.0
101	7.61840510368	2.0
102	8.57953000069	2.0
103	18.1471807957	2.0
104	1.89509820938	2.0
105	2.87838315964	2.0
106	13.4142651558	2.0
107	2.85013794899	2.0
108	7.60325598717	2.0
109	3.7509059906	2.0
110	3.74346804619	2.0
111	11.4062950611	2.0
112	11.4402189255	2.0
113	2.84932494164	2.0
114	5.7157189846	2.0
115	2.84877586365	2.0
116	6.65768885612	2.0
117	22.2158699036	2.0
118	7.05823397636	2.0
119	12.8967180252	2.0
120	2.95038795471	2.0
121	3.03115582466	2.0
122	1.95520210266	2.0
123	9.03059101105	2.0
124	8.89783096313	2.0
125	2.99091506004	2.0
126	7.07378292084	2.0
1	1.98458409309	2.0
2	3.92889690399	2.0
3	2.03713488579	2.0
4	1.95050311089	2.0
5	1.97123479843	2.0
6	2.03454494476	2.0
7	4.00975799561	2.0
8	5.01948308945	2.0
9	3.13598489761	2.0
10	2.01606011391	2.0
11	3.01833701134	2.0
12	5.98031711578	2.0
13	2.0271999836	2.0
14	3.95657300949	2.0
15	1.98115801811	2.0
16	2.00540399551	2.0
17	2.0285050869	2.0
18	5.03719687462	2.0
19	3.99272298813	2.0
20	3.01089906693	2.0
21	3.02081108093	2.0
22	1.99495887756	2.0
23	1.98559403419	2.0
24	2.98250389099	2.0
25	1.97863507271	2.0
26	2.97288703918	2.0
27	5.95038700104	2.0
28	2.9769089222	2.0
29	3.96180415154	2.0
30	3.01305913925	2.0
31	3.01186490059	2.0
32	12.1030468941	2.0
33	2.01947999001	2.0
34	5.05286693573	2.0
35	2.04793190956	2.0
36	3.09563398361	2.0
37	7.26033711433	2.0
38	3.1070830822	2.0
39	2.06823086739	2.0
40	2.09431815147	2.0
41	2.09961605072	2.0
42	3.12139701843	2.0
43	2.09066486359	2.0
44	7.33688497543	2.0
45	7.25593900681	2.0
46	2.08319187164	2.0
47	5.19154405594	2.0
48	4.13022708893	2.0
49	8.30962014198	2.0
50	2.05009412766	2.0
51	14.3063077927	2.0
52	5.11647415161	2.0
53	6.08378911018	2.0
54	4.01802206039	2.0
55	2.02933096886	2.0
56	3.01414704323	2.0
57	8.05172204971	2.0
58	5.04402709007	2.0
59	2.03057384491	2.0
60	2.05953001976	2.0
61	7.17385101318	2.0
62	15.3414540291	2.0
63	5.09209609032	2.0
64	2.03588104248	2.0
65	2.01962900162	2.0
66	4.05177497864	2.0
67	2.01850104332	2.0
68	2.02580976486	2.0
69	2.02700400352	2.0
70	8.10167717934	2.0
71	2.02123117447	2.0
72	3.04924106598	2.0
73	7.07807993889	2.0
74	2.01426005363	2.0
75	5.05301618576	2.0
76	4.04987716675	2.0
77	4.04419183731	2.0
78	6.12716197968	2.0
79	2.02641797066	2.0
80	2.02054309845	2.0
81	7.01310300827	2.0
82	3.97669100761	2.0
83	3.9790430069	2.0
84	2.96557188034	2.0
85	4.93187093735	2.0
86	1.98413991928	2.0
87	2.97104001045	2.0
88	45.3205449581	2.0
89	2.94620704651	2.0
90	8.91072010994	2.0
91	7.78016805649	2.0
92	1.94119000435	2.0
93	17.4819488525	2.0
94	4.77526807785	2.0
95	13.5500030518	2.0
96	1.96015405655	2.0
97	12.5790150166	2.0
98	4.8479809761	2.0
99	20.3092370033	2.0
100	12.3820359707	2.0
101	5.77783298492	2.0
102	8.6146478653	2.0
103	3.84596204758	2.0
104	3.84436392784	2.0
105	28.824463129	2.0
106	12.5043241978	2.0
107	15.429721117	2.0
108	5.81960487366	2.0
109	3.86426305771	2.0
110	3.88898396492	2.0
111	3.893253088	2.0
112	10.8205490112	2.0
113	6.90138292313	2.0
114	3.93330192566	2.0
115	3.94722700119	2.0
116	1.97075796127	2.0
117	9.89758491516	2.0
118	3.90249991417	2.0
119	7.97448205948	2.0
120	9.11084079742	2.0
121	9.18261098862	2.0
122	12.8972871304	2.0
123	6.84940195084	2.0
124	2.97006797791	2.0
125	5.04717206955	2.0
126	11.8763611317	2.0
127	13.9095818996	2.0
128	9.80922794342	2.0
129	10.8925919533	2.0
130	17.9315900803	2.0
131	2.97337293625	2.0
132	2.00399208069	2.0
133	1.99554181099	2.0
134	12.9581451416	2.0
135	11.8892309666	2.0
136	8.91721701622	2.0
137	3.90994000435	2.0
138	3.88719987869	2.0
139	12.6465349197	2.0
140	1.94790005684	2.0
141	9.04754686356	2.0
142	1.9749610424	2.0
143	11.8451161385	2.0
144	2.97495508194	2.0
145	7.92071986198	2.0
146	7.87101411819	2.0
147	14.9349560738	2.0
148	5.96273398399	2.0
149	3.94028115273	2.0
150	2.00067877769	2.0
151	10.1436049938	2.0
152	11.0354659557	2.0
153	2.0297999382	2.0
154	9.22041201591	2.0
155	8.06682300568	2.0
156	5.04442310333	2.0
157	6.97098398209	2.0
158	4.00697088242	2.0
159	1.97459697723	2.0
160	1.96716403961	2.0
161	9.83752202988	2.0
162	12.8461959362	2.0
163	2.95440888405	2.0
164	13.1510710716	2.0
165	5.9816660881	2.0
166	9.96606612206	2.0
167	3.02303099632	2.0
168	8.03346395493	2.0
169	4.00142788887	2.0
170	6.97832798958	2.0
171	1.97643017769	2.0
172	4.92028617859	2.0
173	4.93166089058	2.0
174	3.93601894379	2.0
175	1.94625902176	2.0
176	3.90295386314	2.0
177	1.94804501534	2.0
178	4.82719707489	2.0
179	1.95638084412	2.0
180	1.98939013481	2.0
181	1.95953011513	2.0
182	1.95946598053	2.0
183	3.91053390503	2.0
184	1.94658303261	2.0
185	2.91343402863	2.0
186	4.89665818214	2.0
187	8.80437588692	2.0
188	14.7712628841	2.0
189	4.88958406448	2.0
190	1.94884490967	2.0
191	1.95483994484	2.0
192	1.95059204102	2.0
193	5.90221309662	2.0
194	1.94497489929	2.0
195	16.3887939453	2.0
196	2.87249898911	2.0
197	13.3530650139	2.0
198	1.9263689518	2.0
199	2.9083571434	2.0
200	1.91233301163	2.0
201	3.85851120949	2.0
202	1.95248007774	2.0
203	7.69074106216	2.0
204	1.93600487709	2.0
205	11.6328780651	2.0
206	1.94591116905	2.0
207	1.93740320206	2.0
208	2.92091107368	2.0
209	4.86851406097	2.0
210	3.02343297005	2.0
211	4.87598991394	2.0
212	6.82326889038	2.0
213	2.94292092323	2.0
214	3.95754504204	2.0
215	11.1516549587	2.0
216	6.08031511307	2.0
217	5.06799912453	2.0
218	2.01630687714	2.0
219	2.10964393616	2.0
220	4.04639482498	2.0
221	2.02236485481	2.0
222	4.04843401909	2.0
223	1.98092198372	2.0
224	1.96945095062	2.0
225	9.88118696213	2.0
226	10.9067120552	2.0
227	5.88468694687	2.0
228	3.97612786293	2.0
229	5.18180680275	2.0
230	2.02051496506	2.0
231	6.0799510479	2.0
232	2.00636196136	2.0
233	3.90648603439	2.0
234	1.97616887093	2.0
235	2.96077108383	2.0
236	4.91594600677	2.0
237	6.9039850235	2.0
238	3.99391794205	2.0
239	10.0192699432	2.0
240	2.03989315033	2.0
241	4.07578015327	2.0
242	2.00882005692	2.0
243	2.04316306114	2.0
244	3.00466990471	2.0
245	1.97073507309	2.0
246	2.9670419693	2.0
247	8.96580290794	2.0
248	2.98452496529	2.0
249	5.0205271244	2.0
250	7.05069994926	2.0
251	2.01553010941	2.0
252	2.02712202072	2.0
253	3.02248096466	2.0
254	4.03601408005	2.0
255	8.97702407837	2.0
256	2.03596782684	2.0
257	3.05757880211	2.0
258	2.00393509865	2.0
259	3.04346990585	2.0
260	1.96671009064	2.0
261	1.94760084152	2.0
262	10.7886650562	2.0
263	1.95201086998	2.0
264	3.88999795914	2.0
265	2.92592096329	2.0
266	2.92901706696	2.0
267	8.86563301086	2.0
268	7.96765208244	2.0
269	1.96993708611	2.0
270	7.88587999344	2.0
271	1.98952817917	2.0
272	3.96777415276	2.0
273	7.99360990524	2.0
274	1.98117494583	2.0
275	2.97389006615	2.0
276	2.98066687584	2.0
277	2.94017791748	2.0
278	3.9337439537	2.0
279	10.9203979969	2.0
280	2.01348686218	2.0
281	4.92305207253	2.0
282	1.96866488457	2.0
283	2.95768713951	2.0
284	12.845635891	2.0
285	2.97680997849	2.0
286	2.96039891243	2.0
287	1.95684099197	2.0
288	1.96842002869	2.0
289	7.83790802956	2.0
290	3.98147177696	2.0
291	2.9902780056	2.0
292	2.01712203026	2.0
293	2.01390695572	2.0
294	2.00461602211	2.0
295	9.14390897751	2.0
296	8.13295793533	2.0
297	2.02873492241	2.0
298	2.03722715378	2.0
299	6.11984086037	2.0
300	5.05538797379	2.0
301	3.05244708061	2.0
302	5.07112789154	2.0
303	6.0452041626	2.0
304	2.02220082283	2.0
305	2.01630806923	2.0
306	3.05722808838	2.0
307	3.04528808594	2.0
308	7.1681060791	2.0
309	4.04977679253	2.0
310	2.0260951519	2.0
311	4.08592200279	2.0
312	2.02724003792	2.0
313	2.01711916924	2.0
314	2.00731182098	2.0
315	2.97274422646	2.0
316	2.95389199257	2.0
317	1.96691012383	2.0
318	2.98852682114	2.0
319	1.98755002022	2.0
320	2.99347400665	2.0
321	1.97977590561	2.0
322	12.9434421062	2.0
323	6.96006298065	2.0
324	2.05244588852	2.0
325	2.02608704567	2.0
326	6.13636398315	2.0
327	2.03339791298	2.0
328	24.2065520287	2.0
329	5.07125306129	2.0
330	4.11216711998	2.0
331	2.07575106621	2.0
332	9.23909807205	2.0
333	5.02616405487	2.0
334	5.16059494019	2.0
335	5.17922711372	2.0
336	3.05646014214	2.0
337	5.07459211349	2.0
338	3.0252699852	2.0
339	8.06158304214	2.0
340	1.98480010033	2.0
341	5.94529891014	2.0
342	7.00998687744	2.0
343	3.98403000832	2.0
344	8.9137840271	2.0
345	8.92613005638	2.0
346	2.992385149	2.0
347	2.98676681519	2.0
348	1.98287606239	2.0
349	5.93696212769	2.0
350	1.98141598701	2.0
351	4.94341802597	2.0
352	10.2871611118	2.0
353	4.17332696915	2.0
354	5.95107221603	2.0
355	7.85461616516	2.0
356	4.07752680779	2.0
357	1.98199796677	2.0
358	6.14235281944	2.0
359	1.99188303947	2.0
360	6.01024413109	2.0
361	2.04400897026	2.0
362	3.11380314827	2.0
363	5.15729880333	2.0
364	3.07820296288	2.0
365	2.05220508575	2.0
366	3.12226700783	2.0
367	9.24698090553	2.0
368	5.16458511353	2.0
369	6.23249483109	2.0
370	8.33904886246	2.0
371	4.14287996292	2.0
372	4.0956389904	2.0
373	4.15259194374	2.0
374	5.2637181282	2.0
375	2.13925695419	2.0
376	2.13139104843	2.0
377	5.24378800392	2.0
378	3.10093998909	2.0
379	2.06401610374	2.0
380	3.14953494072	2.0
381	2.0868499279	2.0
382	3.14443802834	2.0
383	6.27204394341	2.0
384	11.4917199612	2.0
385	16.7908101082	2.0
386	2.12000393867	2.0
387	2.10495901108	2.0
388	2.15959596634	2.0
389	2.10632586479	2.0
390	13.6283202171	2.0
391	5.29411816597	2.0
392	6.30846214294	2.0
393	3.15099787712	2.0
394	2.08406305313	2.0
395	2.06655812263	2.0
396	18.396625042	2.0
397	7.18615293503	2.0
398	3.08165884018	2.0
399	3.07770395279	2.0
400	5.13954114914	2.0
401	2.05537199974	2.0
402	13.5468239784	2.0
403	6.17662191391	2.0
404	8.30244493484	2.0
405	6.17274022102	2.0
406	4.09567594528	2.0
407	6.06723690033	2.0
408	3.02646112442	2.0
409	2.05643320084	2.0
410	3.04820013046	2.0
411	7.14179491997	2.0
412	6.10949492455	2.0
413	2.03341197968	2.0
414	3.0677011013	2.0
415	8.18039298058	2.0
416	2.0298409462	2.0
417	3.03536701202	2.0
418	4.09993100166	2.0
419	2.04340410233	2.0
420	2.06238722801	2.0
421	9.29072403908	2.0
422	7.14194202423	2.0
423	3.05834698677	2.0
424	4.06799411774	2.0
425	7.10190820694	2.0
426	4.08240699768	2.0
427	3.06820702553	2.0
428	8.22423195839	2.0
429	3.0831182003	2.0
430	2.05814790726	2.0
431	4.11523485184	2.0
432	5.15308499336	2.0
433	9.27198505402	2.0
434	3.08328199387	2.0
435	9.27640986443	2.0
436	5.15237402916	2.0
437	2.07169604301	2.0
438	5.19556999207	2.0
439	3.0648329258	2.0
440	3.07233405113	2.0
441	8.29551386833	2.0
442	3.12700104713	2.0
443	12.4454920292	2.0
444	2.0575928688	2.0
445	7.16711616516	2.0
446	3.06037902832	2.0
447	4.04829597473	2.0
448	2.03174710274	2.0
449	7.10976791382	2.0
450	5.05117201805	2.0
451	3.06445288658	2.0
452	6.07194495201	2.0
453	2.01429104805	2.0
454	3.04808187485	2.0
455	20.3957679272	2.0
456	12.1333060265	2.0
457	2.02068805695	2.0
458	2.03043103218	2.0
459	8.04829287529	2.0
460	5.03268814087	2.0
461	6.98016405106	2.0
462	2.01606202126	2.0
463	7.06168889999	2.0
464	4.00861597061	2.0
465	2.00834989548	2.0
466	6.04233312607	2.0
467	2.01590204239	2.0
468	2.03245592117	2.0
469	3.06993889809	2.0
470	4.06786704063	2.0
471	13.2964169979	2.0
472	12.2405509949	2.0
473	3.05869007111	2.0
474	9.11385703087	2.0
475	3.99445605278	2.0
476	7.02700901031	2.0
477	2.00997209549	2.0
478	2.00076293945	2.0
479	5.99394607544	2.0
480	3.0103468895	2.0
481	4.02906394005	2.0
482	2.03143286705	2.0
483	2.027987957	2.0
484	9.12527990341	2.0
485	7.95733213425	2.0
486	8.00801587105	2.0
487	2.01207399368	2.0
488	12.0239629745	2.0
489	5.00182294846	2.0
490	8.99340391159	2.0
491	4.99185013771	2.0
492	1.98782277107	2.0
493	6.91322112083	2.0
1	6.73862481117	2.0
2	8.58830499649	2.0
3	2.86228013039	2.0
4	1.89604210854	2.0
5	1.89773392677	2.0
6	2.84628486633	2.0
7	1.89807295799	2.0
8	1.90210914612	2.0
9	3.79425597191	2.0
10	4.77555298805	2.0
11	8.58973813057	2.0
12	4.76337409019	2.0
13	1.89944791794	2.0
14	1.90670895576	2.0
15	1.89865994453	2.0
16	1.89149403572	2.0
17	1.88811779022	2.0
18	4.71543908119	2.0
19	2.82144284248	2.0
20	3.79711294174	2.0
21	3.76946902275	2.0
22	2.84558391571	2.0
23	1.90055203438	2.0
24	2.88611602783	2.0
25	1.91964697838	2.0
26	1.9226911068	2.0
27	6.75479197502	2.0
28	7.64369511604	2.0
29	2.87923979759	2.0
30	4.83575415611	2.0
31	1.92153096199	2.0
32	1.92027401924	2.0
33	1.91294193268	2.0
34	2.8835849762	2.0
35	16.3505480289	2.0
36	5.81747102737	2.0
37	5.8484890461	2.0
38	2.90548706055	2.0
39	3.84828400612	2.0
40	3.87761688232	2.0
41	6.71484303474	2.0
42	1.9215939045	2.0
43	8.64096593857	2.0
44	2.92882704735	2.0
45	1.94999194145	2.0
46	2.92573404312	2.0
47	6.85890102386	2.0
48	1.96540093422	2.0
49	1.95882797241	2.0
50	1.94021320343	2.0
51	1.9439971447	2.0
52	5.82427692413	2.0
53	7.85693001747	2.0
54	3.91534900665	2.0
55	4.92918992043	2.0
56	1.96311903	2.0
57	6.84775900841	2.0
58	5.9058599472	2.0
59	2.93786597252	2.0
60	2.95468592644	2.0
61	3.94489693642	2.0
62	3.91559290886	2.0
63	2.96913504601	2.0
64	2.95700621605	2.0
65	2.95375609398	2.0
66	2.96301102638	2.0
67	5.98219490051	2.0
68	2.97969484329	2.0
69	4.93066716194	2.0
70	1.96933412552	2.0
71	1.9767677784	2.0
72	4.96753716469	2.0
73	4.01475214958	2.0
74	6.01554083824	2.0
75	4.95218086243	2.0
76	2.00093197823	2.0
77	4.00440502167	2.0
78	2.00440406799	2.0
79	5.97910904884	2.0
80	2.98974919319	2.0
81	2.94297599792	2.0
82	1.94759106636	2.0
83	4.94771194458	2.0
84	5.9008769989	2.0
85	4.91497397423	2.0
86	3.89899015427	2.0
87	2.91375803947	2.0
88	2.90891313553	2.0
89	5.81695485115	2.0
90	3.83774900436	2.0
91	1.93189501762	2.0
92	2.89223980904	2.0
93	5.81704592705	2.0
94	5.8069961071	2.0
95	1.94134497643	2.0
96	10.7242047787	2.0
97	6.73909211159	2.0
98	2.8898627758	2.0
99	5.72458314896	2.0
100	7.65112400055	2.0
101	1.91275787354	2.0
102	16.256100893	2.0
103	1.9112970829	2.0
104	4.78099179268	2.0
105	13.274805069	2.0
106	3.81229090691	2.0
107	1.90366101265	2.0
108	1.89874100685	2.0
109	4.79997801781	2.0
110	4.78841996193	2.0
111	17.6324090958	2.0
112	10.14249897	2.0
113	5.05511903763	2.0
114	2.94614505768	2.0
115	2.98896503448	2.0
116	2.03753209114	2.0
117	2.03830289841	2.0
118	8.17883419991	2.0
119	3.97940015793	2.0
120	3.06282997131	2.0
121	26.5792860985	2.0
122	4.9463019371	2.0
123	3.86184716225	2.0
124	2.8919608593	2.0
125	1.93390202522	2.0
126	3.91017389297	2.0
127	1.97576498985	2.0
128	6.84511899948	2.0
129	3.86954903603	2.0
130	17.3766689301	2.0
131	3.81951808929	2.0
132	3.91847801208	2.0
133	21.9850850105	2.0
134	4.81286215782	2.0
135	3.86285805702	2.0
136	1.88463616371	2.0
137	3.78710913658	2.0
138	4.79883313179	2.0
139	1.90494894981	2.0
140	4.73816490173	2.0
141	3.79566812515	2.0
142	12.3664431572	2.0
143	2.82249307632	2.0
144	2.83264708519	2.0
145	15.0031549931	2.0
146	2.78150010109	2.0
147	6.60251998901	2.0
148	15.2364959717	2.0
149	4.81297588348	2.0
150	7.67820191383	2.0
151	9.57992506027	2.0
152	1.90155291557	2.0
153	4.76454806328	2.0
154	4.73296689987	2.0
155	2.82039499283	2.0
156	1.86860895157	2.0
157	3.73459196091	2.0
158	1.86658883095	2.0
159	4.74713516235	2.0
160	3.78949904442	2.0
161	3.69302392006	2.0
162	4.65739989281	2.0
163	4.60873007774	2.0
164	1.83401799202	2.0
165	4.57222485542	2.0
166	26.8829030991	2.0
167	12.0734138489	2.0
168	2.7968621254	2.0
169	2.80917906761	2.0
170	2.79323911667	2.0
171	2.81605100632	2.0
172	2.79822707176	2.0
173	5.66043400764	2.0
174	1.8672118187	2.0
175	7.49971604347	2.0
176	4.67844605446	2.0
177	4.66991090775	2.0
178	3.7290160656	2.0
179	1.86721611023	2.0
180	7.5380089283	2.0
181	10.846405983	2.0
182	3.87267804146	2.0
183	3.89341211319	2.0
184	8.74654483795	2.0
185	2.87416696548	2.0
186	1.87739896774	2.0
187	1.95838594437	2.0
188	1.89429092407	2.0
189	7.55341696739	2.0
190	1.94931697845	2.0
191	1.92249894142	2.0
192	2.85650396347	2.0
193	1.89149999619	2.0
194	7.68075609207	2.0
195	4.80302095413	2.0
196	10.4616060257	2.0
197	2.85957694054	2.0
198	10.4736950397	2.0
199	3.76545190811	2.0
200	1.8845140934	2.0
201	2.80115509033	2.0
202	1.90317320824	2.0
203	4.76893401146	2.0
204	9.55886697769	2.0
205	3.84495091438	2.0
206	3.82140398026	2.0
207	4.76416802406	2.0
208	2.86446809769	2.0
209	2.85287094116	2.0
210	3.82966804504	2.0
211	2.90001320839	2.0
212	1.88721299171	2.0
213	5.7024409771	2.0
214	2.91607499123	2.0
215	3.98912811279	2.0
216	3.99653100967	2.0
217	3.88125014305	2.0
218	11.6962761879	2.0
219	3.83727383614	2.0
220	1.90036702156	2.0
221	5.68300485611	2.0
222	2.84232521057	2.0
223	9.59045481682	2.0
224	18.7001409531	2.0
225	5.67674398422	2.0
226	2.86907792091	2.0
227	1.90128707886	2.0
228	10.6803081036	2.0
229	7.80954790115	2.0
230	1.93996596336	2.0
231	8.69238305092	2.0
232	1.94733285904	2.0
233	2.91159105301	2.0
234	7.9651620388	2.0
235	5.85428500175	2.0
236	2.94324016571	2.0
237	3.02102398872	2.0
238	6.91675400734	2.0
239	7.9430308342	2.0
240	7.91884899139	2.0
241	4.8191139698	2.0
242	2.92636990547	2.0
243	1.93764090538	2.0
244	3.91147112846	2.0
245	1.95672297478	2.0
246	1.93259501457	2.0
247	3.82685399055	2.0
248	3.83674788475	2.0
249	1.90827894211	2.0
250	10.5371069908	2.0
251	2.90687203407	2.0
252	7.7526049614	2.0
253	2.96005988121	2.0
254	1.93866586685	2.0
255	1.93910694122	2.0
256	1.93606710434	2.0
257	2.92484307289	2.0
258	1.92499089241	2.0
259	3.86906194687	2.0
260	9.70703911781	2.0
261	4.788875103	2.0
262	2.87917494774	2.0
263	12.6499209404	2.0
264	4.91354298592	2.0
265	1.94597697258	2.0
266	2.90235495567	2.0
267	2.8824198246	2.0
268	2.88693094254	2.0
269	1.9179019928	2.0
270	1.90753293037	2.0
271	10.5727930069	2.0
272	3.8474779129	2.0
273	1.92544293404	2.0
274	2.88548612595	2.0
275	2.90366411209	2.0
276	1.90790581703	2.0
277	5.71385598183	2.0
278	3.80213499069	2.0
279	2.81017994881	2.0
280	5.69782400131	2.0
281	4.74142789841	2.0
282	9.50448203087	2.0
283	7.62079596519	2.0
284	1.90969085693	2.0
285	5.80482006073	2.0
286	11.6387960911	2.0
287	1.92487978935	2.0
288	6.72769498825	2.0
289	8.68790888786	2.0
290	2.9051451683	2.0
291	5.78778100014	2.0
292	1.91953396797	2.0
293	3.81355214119	2.0
294	2.80682301521	2.0
295	15.010256052	2.0
296	6.53643608093	2.0
297	15.9829559326	2.0
298	3.69279098511	2.0
299	2.75069785118	2.0
300	3.7155520916	2.0
301	3.83390593529	2.0
302	1.85298490524	2.0
303	3.74251198769	2.0
304	6.70940208435	2.0
305	4.76693701744	2.0
306	9.68959283829	2.0
307	2.79088497162	2.0
308	6.55976915359	2.0
309	2.78435397148	2.0
310	2.82194519043	2.0
311	1.88231015205	2.0
312	10.2621619701	2.0
313	1.84450387955	2.0
314	3.75439310074	2.0
315	2.9090950489	2.0
316	3.80175304413	2.0
317	1.90048408508	2.0
318	1.99302792549	2.0
319	7.87122106552	2.0
320	2.95148992538	2.0
321	24.2419729233	2.0
322	4.0353770256	2.0
323	3.87222790718	2.0
324	1.96241807938	2.0
325	1.96509194374	2.0
326	9.85228896141	2.0
327	3.10149002075	2.0
328	7.97875595093	2.0
329	1.9582490921	2.0
330	6.06293988228	2.0
331	2.96875190735	2.0
332	1.96363711357	2.0
333	2.94729304314	2.0
334	2.04268813133	2.0
335	2.96168279648	2.0
336	6.91197800636	2.0
337	4.99747514725	2.0
338	4.88351392746	2.0
339	1.9288289547	2.0
340	4.80161786079	2.0
341	3.83816099167	2.0
342	2.89677095413	2.0
343	3.82343196869	2.0
344	1.90142893791	2.0
345	1.89536881447	2.0
346	8.53951501846	2.0
347	1.90937590599	2.0
348	1.9072740078	2.0
349	3.84927797318	2.0
350	5.74314713478	2.0
351	2.90023303032	2.0
352	7.71382689476	2.0
353	3.85282301903	2.0
354	4.81073093414	2.0
355	2.8979139328	2.0
356	8.70704507828	2.0
357	3.865691185	2.0
358	8.87445402145	2.0
359	1.9581360817	2.0
360	4.0111219883	2.0
361	4.96253180504	2.0
362	9.79578399658	2.0
363	1.96473407745	2.0
364	3.92298698425	2.0
365	7.86336898804	2.0
366	5.90430498123	2.0
367	1.96284890175	2.0
368	2.99346208572	2.0
369	1.96870493889	2.0
370	1.98372292519	2.0
371	1.98574209213	2.0
372	2.98450088501	2.0
373	2.94188094139	2.0
374	2.91564106941	2.0
375	1.93218016624	2.0
376	1.95612883568	2.0
377	1.95754313469	2.0
378	10.7963249683	2.0
379	1.95933890343	2.0
380	1.93022489548	2.0
381	2.92007613182	2.0
382	2.93481016159	2.0
383	1.98954296112	2.0
384	1.94142985344	2.0
385	4.79290390015	2.0
386	3.81666898727	2.0
387	2.88082790375	2.0
388	3.80817508698	2.0
389	2.85239195824	2.0
390	9.43127918243	2.0
391	1.89508676529	2.0
392	4.76394295692	2.0
393	1.89175796509	2.0
394	2.85067391396	2.0
395	1.90864992142	2.0
396	1.93742990494	2.0
397	1.93196702003	2.0
398	1.9196767807	2.0
399	4.80614995956	2.0
400	1.91179895401	2.0
401	6.75223278999	2.0
402	7.72501993179	2.0
403	3.84407401085	2.0
404	3.95804405212	2.0
405	5.85078787804	2.0
406	2.93410205841	2.0
407	9.70879507065	2.0
408	12.4881639481	2.0
409	3.85199093819	2.0
410	4.76327991486	2.0
411	3.77420401573	2.0
412	4.6920170784	2.0
413	1.88357996941	2.0
414	13.2240459919	2.0
415	7.78698396683	2.0
416	1.92287182808	2.0
417	1.93583488464	2.0
418	2.91313099861	2.0
419	2.92187309265	2.0
420	3.91133785248	2.0
421	3.86072206497	2.0
422	1.92675685883	2.0
423	2.93565011024	2.0
424	1.96107602119	2.0
425	7.86352300644	2.0
426	2.9239051342	2.0
427	6.77797579765	2.0
428	2.88192796707	2.0
429	4.76291513443	2.0
430	3.81446504593	2.0
431	2.86925601959	2.0
432	7.66455984116	2.0
433	8.65566921234	2.0
434	1.93479013443	2.0
435	3.88594198227	2.0
436	1.92852115631	2.0
437	2.89081096649	2.0
438	3.87058115005	2.0
439	1.93530511856	2.0
440	1.90840101242	2.0
441	7.62364983559	2.0
442	3.81716895103	2.0
443	4.82209300995	2.0
444	11.488877058	2.0
445	3.82724118233	2.0
446	1.92274618149	2.0
447	1.91467881203	2.0
448	3.84853506088	2.0
449	3.8181579113	2.0
450	1.89682197571	2.0
451	7.62201404572	2.0
452	8.56890797615	2.0
453	18.1902520657	2.0
454	10.8325970173	2.0
455	1.95971393585	2.0
456	4.92940998077	2.0
457	2.91511106491	2.0
458	24.9964351654	2.0
459	5.76452302933	2.0
460	3.86206007004	2.0
461	3.86083698273	2.0
462	2.84874796867	2.0
463	8.67289209366	2.0
464	6.74491715431	2.0
465	4.79979991913	2.0
466	5.77435898781	2.0
467	6.6855969429	2.0
468	11.4608500004	2.0
469	1.93868589401	2.0
470	4.8952870369	2.0
471	2.92552900314	2.0
472	1.94999909401	2.0
473	4.99204683304	2.0
474	4.84861302376	2.0
475	2.91033196449	2.0
476	1.92640399933	2.0
477	4.85576987267	2.0
478	9.57050991058	2.0
479	1.90879392624	2.0
480	3.84294486046	2.0
481	4.80923008919	2.0
482	4.83129000664	2.0
483	1.93822383881	2.0
484	2.89917397499	2.0
485	5.78814291954	2.0
486	3.83373785019	2.0
487	6.62698316574	2.0
488	5.61788511276	2.0
489	1.87973809242	2.0
490	1.90265202522	2.0
491	2.89915513992	2.0
492	7.71075606346	2.0
493	9.65078186989	2.0
494	3.87773609161	2.0
495	1.907351017	2.0
496	2.85643720627	2.0
497	2.8448381424	2.0
498	8.6214389801	2.0
499	1.91478490829	2.0
500	3.82439613342	2.0
501	2.84811115265	2.0
502	4.73941898346	2.0
503	2.87397408485	2.0
504	7.68983101845	2.0
505	16.1380610466	2.0
506	1.89345908165	2.0
507	5.67763185501	2.0
508	12.2755980492	2.0
509	1.88433289528	2.0
510	5.68296504021	2.0
511	1.93120718002	2.0
512	2.91060495377	2.0
513	1.8996720314	2.0
514	9.49220395088	2.0
515	3.77432012558	2.0
516	10.3258080482	2.0
517	3.72948718071	2.0
518	1.87407112122	2.0
519	20.5931079388	2.0
520	8.59431409836	2.0
521	7.53757190704	2.0
522	3.75405788422	2.0
523	2.81799793243	2.0
524	6.59437298775	2.0
525	4.73390007019	2.0
526	1.90661501884	2.0
527	4.80700922012	2.0
528	1.91173911095	2.0
529	5.71880602837	2.0
530	2.86656999588	2.0
531	1.93447995186	2.0
532	4.89335799217	2.0
533	5.84604501724	2.0
534	1.96610689163	2.0
535	1.97408604622	2.0
536	2.99341893196	2.0
537	12.8101770878	2.0
538	4.97206807137	2.0
539	2.98396396637	2.0
540	3.89449691772	2.0
541	3.87734508514	2.0
542	8.75449609756	2.0
543	4.85264801979	2.0
544	1.93298983574	2.0
545	2.90616106987	2.0
546	7.74536108971	2.0
547	2.88445115089	2.0
548	2.87503814697	2.0
1	1.92320799828	2.0
2	1.93599009514	2.0
3	2.8802549839	2.0
4	3.88219189644	2.0
5	2.88791489601	2.0
6	1.9325170517	2.0
7	1.93151593208	2.0
8	3.93958091736	2.0
9	4.05182218552	2.0
10	4.00913190842	2.0
11	1.97239303589	2.0
12	1.98940491676	2.0
13	2.0549390316	2.0
14	1.99704003334	2.0
15	3.00617909431	2.0
16	1.99159598351	2.0
17	5.09953689575	2.0
18	2.07572412491	2.0
19	2.017141819	2.0
20	2.98427605629	2.0
21	2.96853494644	2.0
22	2.97018384933	2.0
23	1.97124814987	2.0
24	3.98490905762	2.0
25	1.99005293846	2.0
26	1.97835612297	2.0
27	3.95799589157	2.0
28	8.96923494339	2.0
29	3.9314789772	2.0
30	1.97763490677	2.0
31	7.84432315826	2.0
32	2.00185394287	2.0
33	1.98619008064	2.0
34	3.96996688843	2.0
35	2.01232194901	2.0
36	2.01716804504	2.0
37	3.07546210289	2.0
38	11.1735739708	2.0
39	4.08815097809	2.0
40	5.91670799255	2.0
41	1.97399187088	2.0
42	4.88889408112	2.0
43	2.94709300995	2.0
44	7.86886501312	2.0
45	2.9327249527	2.0
46	1.96869707108	2.0
47	1.97051286697	2.0
48	1.9458489418	2.0
49	1.94506287575	2.0
50	1.94547319412	2.0
51	1.95318984985	2.0
52	2.93984103203	2.0
53	1.96619200706	2.0
54	2.01589679718	2.0
55	1.99704813957	2.0
56	1.98796200752	2.0
57	5.04351401329	2.0
58	28.1745641232	2.0
59	3.03313493729	2.0
60	2.022742033	2.0
61	3.10073494911	2.0
62	5.21982502937	2.0
63	11.1480369568	2.0
64	4.01355099678	2.0
65	5.99631810188	2.0
66	1.99925899506	2.0
67	2.99915099144	2.0
68	3.06150197983	2.0
69	3.11804294586	2.0
70	10.1893689632	2.0
71	3.04695510864	2.0
72	6.28775501251	2.0
73	3.16900897026	2.0
74	2.12127804756	2.0
75	4.16911196709	2.0
76	2.06235408783	2.0
77	5.10304522514	2.0
78	4.09921693802	2.0
79	3.06142497063	2.0
80	3.12534093857	2.0
81	4.10185408592	2.0
82	5.12945413589	2.0
83	2.04635381699	2.0
84	5.03897714615	2.0
85	16.114166975	2.0
86	2.02045512199	2.0
87	4.07806396484	2.0
88	8.06198883057	2.0
89	8.03470396996	2.0
90	2.01923298836	2.0
91	2.02509903908	2.0
92	3.04469895363	2.0
93	6.0742328167	2.0
94	4.01461482048	2.0
95	5.12815904617	2.0
96	6.25427699089	2.0
97	4.16458320618	2.0
98	2.03024601936	2.0
99	6.12598609924	2.0
100	11.1665890217	2.0
101	3.09246683121	2.0
102	9.18690109253	2.0
103	3.0228869915	2.0
104	8.09986305237	2.0
105	2.04188513756	2.0
106	2.03597784042	2.0
107	12.3152849674	2.0
108	6.1526620388	2.0
109	4.08329486847	2.0
110	2.02785205841	2.0
111	2.03714394569	2.0
112	6.13035106659	2.0
113	2.01263713837	2.0
114	4.08546996117	2.0
115	3.02907896042	2.0
116	3.04674291611	2.0
117	4.08953595161	2.0
118	12.1058590412	2.0
119	8.01460719109	2.0
120	5.04559111595	2.0
121	16.9371199608	2.0
122	2.01010084152	2.0
123	4.00777602196	2.0
124	2.97489094734	2.0
125	2.99117708206	2.0
126	7.95007586479	2.0
127	5.91770720482	2.0
128	1.97056603432	2.0
129	3.96028995514	2.0
1	1.92460894585	2.0
2	1.91618394852	2.0
3	1.89812707901	2.0
4	4.72279000282	2.0
5	3.82275700569	2.0
6	1.88322591782	2.0
7	1.90070104599	2.0
8	1.88791298866	2.0
9	1.87818002701	2.0
10	2.83904600143	2.0
11	1.8709230423	2.0
12	1.87820792198	2.0
13	4.68400788307	2.0
14	1.86447310448	2.0
15	1.86846399307	2.0
16	3.80507898331	2.0
17	1.86413192749	2.0
18	2.7558658123	2.0
19	4.59799408913	2.0
20	1.85094714165	2.0
21	1.85701489449	2.0
22	1.85334086418	2.0
23	4.61864089966	2.0
24	2.81050920486	2.0
25	1.86579990387	2.0
26	3.7719938755	2.0
27	1.97142696381	2.0
28	1.88523197174	2.0
29	1.85412406921	2.0
30	2.78570795059	2.0
31	2.83333301544	2.0
32	6.49621200562	2.0
33	4.65147900581	2.0
34	2.86290192604	2.0
35	1.87223100662	2.0
36	2.81980395317	2.0
37	4.68686294556	2.0
38	1.86742591858	2.0
39	5.60298895836	2.0
40	2.83811283112	2.0
41	3.85000610352	2.0
42	6.92524385452	2.0
43	5.08268117905	2.0
44	1.97548007965	2.0
45	4.89497804642	2.0
46	1.99715995789	2.0
47	1.95108795166	2.0
48	2.02140498161	2.0
49	1.9690849781	2.0
50	3.03531193733	2.0
51	2.00343513489	2.0
52	2.00751781464	2.0
53	2.15031981468	2.0
54	3.11613297462	2.0
55	3.07840180397	2.0
56	3.16143012047	2.0
57	2.21287798882	2.0
58	5.27680897713	2.0
59	2.08194494247	2.0
60	2.09181594849	2.0
61	2.04106807709	2.0
62	6.11700987816	2.0
63	2.08053016663	2.0
64	2.00456094742	2.0
65	2.01410913467	2.0
66	2.93956708908	2.0
67	4.90130996704	2.0
68	4.06087088585	2.0
69	6.03311300278	2.0
70	1.98252296448	2.0
71	3.02194094658	2.0
72	2.01732897758	2.0
73	2.98573589325	2.0
74	4.03427195549	2.0
75	2.03116083145	2.0
76	2.07489395142	2.0
77	4.85980892181	2.0
78	2.04007601738	2.0
79	2.01715183258	2.0
80	3.03644895554	2.0
81	3.86645007133	2.0
82	2.03303599358	2.0
83	1.95257782936	2.0
84	1.93070101738	2.0
85	2.87997484207	2.0
86	1.92631101608	2.0
87	1.94523000717	2.0
88	2.94507098198	2.0
89	2.95620703697	2.0
90	6.77822804451	2.0
91	2.94788122177	2.0
92	4.91452908516	2.0
93	4.91457891464	2.0
94	1.97398710251	2.0
95	8.96072292328	2.0
96	1.98427391052	2.0
97	2.03176498413	2.0
98	2.02381587029	2.0
99	1.97441697121	2.0
100	1.95021796227	2.0
101	1.94107198715	2.0
102	6.72910690308	2.0
103	4.90506196022	2.0
104	4.86104106903	2.0
105	4.89779210091	2.0
106	4.93479585648	2.0
107	7.91628909111	2.0
108	1.95397305489	2.0
109	2.93082594872	2.0
110	3.88459396362	2.0
111	4.83986210823	2.0
112	10.6668229103	2.0
113	4.80539011955	2.0
114	4.95617079735	2.0
115	3.86682009697	2.0
116	4.83217978477	2.0
117	1.91581511497	2.0
118	4.75606012344	2.0
119	4.77518796921	2.0
120	1.89309501648	2.0
121	2.84705281258	2.0
122	23.7819030285	2.0
123	6.67452692986	2.0
124	2.85907793045	2.0
125	1.91167497635	2.0
126	3.78735804558	2.0
127	9.49158287048	2.0
128	2.86874699593	2.0
129	1.92949795723	2.0
130	5.78946089745	2.0
131	2.89303398132	2.0
132	11.680243969	2.0
133	4.86218810081	2.0
134	9.73826599121	2.0
135	5.77182602882	2.0
136	1.93103003502	2.0
137	8.77565002441	2.0
138	2.92439293861	2.0
139	2.93239283562	2.0
140	3.93381500244	2.0
141	3.01433300972	2.0
142	8.99919390678	2.0
143	3.9571390152	2.0
144	6.00373792648	2.0
145	2.99298596382	2.0
146	1.9913110733	2.0
147	1.98774695396	2.0
148	2.99975180626	2.0
149	6.91321086884	2.0
150	3.93620705605	2.0
151	4.92081999779	2.0
152	4.93835997581	2.0
153	9.85532188416	2.0
154	9.83090996742	2.0
155	1.96913790703	2.0
156	2.9639210701	2.0
157	3.94271087646	2.0
158	9.87492108345	2.0
159	1.99575996399	2.0
160	3.01003503799	2.0
161	3.96764302254	2.0
162	1.97208285332	2.0
163	2.9895169735	2.0
164	3.9017021656	2.0
165	8.66720199585	2.0
166	4.95337891579	2.0
167	12.8856909275	2.0
168	7.97692298889	2.0
169	3.02714300156	2.0
170	1.98570299149	2.0
171	6.25512003899	2.0
172	4.03698992729	2.0
173	27.8348650932	2.0
174	13.0198831558	2.0
175	7.85963916779	2.0
176	3.90038490295	2.0
177	18.4700038433	2.0
178	2.92726302147	2.0
179	22.4962968826	2.0
180	1.92923808098	2.0
181	4.86123991013	2.0
182	8.72606706619	2.0
183	1.954433918	2.0
184	5.91038513184	2.0
185	9.996560812	2.0
186	4.92898797989	2.0
187	5.878647089	2.0
188	15.662129879	2.0
189	12.539577961	2.0
190	11.7155981064	2.0
191	2.9512989521	2.0
192	2.93219089508	2.0
193	4.9311850071	2.0
194	6.85918903351	2.0
195	4.88817405701	2.0
196	12.7122838497	2.0
197	5.85894298553	2.0
198	7.84745693207	2.0
199	1.93042206764	2.0
200	4.8360979557	2.0
201	9.73900604248	2.0
202	1.96989512444	2.0
203	7.95087695122	2.0
204	2.97683191299	2.0
205	5.93204212189	2.0
206	5.90012598038	2.0
207	10.8259041309	2.0
208	31.4392669201	2.0
209	44.3624918461	2.0
210	9.00901699066	2.0
211	9.0001718998	2.0
212	13.9601390362	2.0
213	2.00084805489	2.0
214	3.01323199272	2.0
215	15.1827030182	2.0
216	12.941753149	2.0
217	7.92487597466	2.0
218	8.93632817268	2.0
219	11.0165979862	2.0
220	2.01009488106	2.0
221	2.01864695549	2.0
222	11.1151208878	2.0
223	9.11116099358	2.0
224	5.08592295647	2.0
225	26.2434408665	2.0
226	11.1890239716	2.0
227	8.20290398598	2.0
228	4.10342693329	2.0
229	40.1759271622	2.0
230	4.06708407402	2.0
231	41.6539840698	2.0
232	14.1258330345	2.0
233	8.07881498337	2.0
234	15.0407531261	2.0
235	8.1525118351	2.0
236	10.1590590477	2.0
237	28.6154398918	2.0
238	30.0898458958	2.0
239	25.4295010567	2.0
240	18.5295670033	2.0
241	2.04415512085	2.0
242	4.07508897781	2.0
243	32.472946167	2.0
244	26.5918669701	2.0
245	7.2180788517	2.0
246	18.1449830532	2.0
247	13.1525070667	2.0
248	6.09660291672	2.0
249	5.11003899574	2.0
250	5.0713429451	2.0
251	9.19822096825	2.0
252	5.06513595581	2.0
253	4.08225989342	2.0
254	3.04939889908	2.0
255	7.18816995621	2.0
256	3.05654120445	2.0
257	3.06051898003	2.0
258	2.0356388092	2.0
259	5.12048578262	2.0
260	2.04893612862	2.0
261	2.02983307838	2.0
262	3.04851603508	2.0
263	3.00032401085	2.0
264	2.02251696587	2.0
265	2.03930401802	2.0
266	2.03197312355	2.0
267	3.03134918213	2.0
268	2.01396918297	2.0
269	4.02900409698	2.0
270	3.05321216583	2.0
271	4.09223389626	2.0
272	2.07566094398	2.0
273	2.06443405151	2.0
274	2.04382991791	2.0
275	2.01697301865	2.0
276	2.02616977692	2.0
277	2.00058102608	2.0
278	4.00870704651	2.0
279	4.90962600708	2.0
280	4.91098093987	2.0
281	1.96014094353	2.0
282	1.96921300888	2.0
283	8.91759300232	2.0
284	1.97183895111	2.0
285	1.98214912415	2.0
286	1.984375	2.0
287	2.99498414993	2.0
288	4.00676417351	2.0
289	18.2403769493	2.0
290	2.07737779617	2.0
291	3.15010690689	2.0
292	2.15896916389	2.0
293	2.22079920769	2.0
294	5.35479402542	2.0
295	4.13694405556	2.0
296	2.05520701408	2.0
297	2.10957098007	2.0
298	4.19172000885	2.0
299	2.05320382118	2.0
300	4.15089607239	2.0
301	6.17960619926	2.0
302	2.06161284447	2.0
303	3.1716299057	2.0
304	4.08932113647	2.0
305	4.02820086479	2.0
306	2.00537705421	2.0
307	22.4421410561	2.0
308	2.02638196945	2.0
309	4.07944202423	2.0
310	2.03842401505	2.0
311	2.04455804825	2.0
312	3.04957985878	2.0
313	11.433768034	2.0
314	3.20485711098	2.0
315	3.12605500221	2.0
316	3.18900489807	2.0
317	9.41260004044	2.0
318	4.16170501709	2.0
319	2.0446100235	2.0
320	2.12354016304	2.0
321	5.34438204765	2.0
322	2.057284832	2.0
323	2.04523396492	2.0
324	3.09658813477	2.0
325	2.06325292587	2.0
326	4.14041090012	2.0
327	8.33773612976	2.0
328	3.12919592857	2.0
329	5.39527916908	2.0
330	9.90695619583	2.0
331	4.26146602631	2.0
332	4.32306194305	2.0
333	3.11307501793	2.0
334	2.06721496582	2.0
335	4.27269005775	2.0
336	2.13471388817	2.0
337	2.15448093414	2.0
338	5.09437513351	2.0
339	13.1381828785	2.0
340	6.06695914268	2.0
341	3.01304292679	2.0
342	8.01999902725	2.0
343	6.11499285698	2.0
344	4.03082799911	2.0
345	2.01615715027	2.0
346	4.02881598473	2.0
347	4.02209496498	2.0
348	9.07120609283	2.0
349	9.01163601875	2.0
350	5.91374492645	2.0
351	7.96946501732	2.0
352	8.87022686005	2.0
353	2.94010591507	2.0
354	1.91885209084	2.0
355	5.84553384781	2.0
356	3.93139386177	2.0
357	1.98105311394	2.0
358	1.97970485687	2.0
359	6.02611994743	2.0
360	5.26341509819	2.0
361	6.03977704048	2.0
362	4.08232116699	2.0
363	10.117967844	2.0
364	8.0533850193	2.0
365	6.2934949398	2.0
366	5.32425904274	2.0
367	3.07351112366	2.0
368	4.15827608109	2.0
369	2.06046104431	2.0
370	3.24830198288	2.0
371	2.05735707283	2.0
372	8.29358887672	2.0
373	2.00997805595	2.0
374	3.02470397949	2.0
375	2.99358510971	2.0
376	1.99206209183	2.0
377	2.01570987701	2.0
378	2.00906205177	2.0
379	7.99684500694	2.0
380	1.94257712364	2.0
381	1.94523096085	2.0
382	1.96942281723	2.0
383	11.9503731728	2.0
384	2.97667598724	2.0
385	2.96967482567	2.0
386	1.96654200554	2.0
387	3.89504694939	2.0
388	3.81817388535	2.0
389	3.79933905602	2.0
390	1.89432406425	2.0
391	2.84805393219	2.0
392	1.91967606544	2.0
393	5.75949001312	2.0
394	2.87077903748	2.0
395	1.93024802208	2.0
396	7.82248210907	2.0
397	4.86131501198	2.0
398	8.69512987137	2.0
399	3.86797809601	2.0
400	1.90869688988	2.0
401	2.89734220505	2.0
402	1.92731785774	2.0
403	7.00170397758	2.0
404	3.00870895386	2.0
405	11.7474031448	2.0
406	3.84947609901	2.0
407	3.87554502487	2.0
408	1.925314188	2.0
409	4.93363189697	2.0
410	3.87029981613	2.0
411	4.83756017685	2.0
412	1.93864417076	2.0
413	1.93423199654	2.0
414	2.92021179199	2.0
415	1.96327996254	2.0
416	4.89952707291	2.0
417	1.95290088654	2.0
418	1.94590210915	2.0
419	2.9157140255	2.0
420	1.9530749321	2.0
421	5.81885504723	2.0
422	5.90732097626	2.0
423	1.99486398697	2.0
424	6.0222659111	2.0
425	4.01060700417	2.0
426	7.16724395752	2.0
427	5.98852109909	2.0
428	6.16321206093	2.0
429	5.07299399376	2.0
430	4.974629879	2.0
431	4.93939709663	2.0
432	1.97371697426	2.0
433	10.8683588505	2.0
434	1.95129919052	2.0
435	1.99365901947	2.0
436	2.9647090435	2.0
437	2.9502530098	2.0
438	1.96966314316	2.0
439	2.95855379105	2.0
440	5.88098502159	2.0
441	1.96792697906	2.0
442	1.98358201981	2.0
443	1.9889190197	2.0
1	1.87907981873	2.0
2	1.92150807381	2.0
3	1.96745991707	2.0
4	3.1055150032	2.0
5	3.00855898857	2.0
6	1.98328614235	2.0
7	1.955742836	2.0
8	3.93277692795	2.0
9	1.96622300148	2.0
10	1.96625614166	2.0
11	1.98073720932	2.0
12	3.96425509453	2.0
13	2.00456404686	2.0
14	1.99854588509	2.0
15	2.00392413139	2.0
16	3.06787800789	2.0
17	3.06486010551	2.0
18	3.06771802902	2.0
19	7.09015607834	2.0
20	2.01881790161	2.0
21	4.09263396263	2.0
22	3.08292603493	2.0
23	5.19630408287	2.0
24	5.07560706139	2.0
25	3.0303800106	2.0
26	4.07643389702	2.0
27	2.04475498199	2.0
28	2.0176358223	2.0
29	3.08351397514	2.0
30	6.9892270565	2.0
31	2.005163908	2.0
32	6.11918091774	2.0
33	2.04916787148	2.0
34	4.01039004326	2.0
35	3.01077198982	2.0
36	8.92681002617	2.0
37	5.90493798256	2.0
38	1.97844791412	2.0
39	1.99180006981	2.0
40	6.93476605415	2.0
41	10.1206378937	2.0
42	2.01637911797	2.0
43	2.05148983002	2.0
44	6.07854485512	2.0
45	19.7862110138	2.0
46	4.0009970665	2.0
47	2.04252815247	2.0
48	9.8483300209	2.0
49	1.97367310524	2.0
50	5.92276287079	2.0
51	3.94956803322	2.0
52	1.95362687111	2.0
53	5.86017513275	2.0
54	1.94273996353	2.0
55	2.93544411659	2.0
56	16.5841441154	2.0
57	2.89746189117	2.0
58	1.93993592262	2.0
59	1.9610350132	2.0
60	1.96176195145	2.0
61	11.8998849392	2.0
62	2.92694807053	2.0
63	1.94767189026	2.0
64	6.75096392632	2.0
65	1.93407797813	2.0
66	5.71001315117	2.0
67	4.73798394203	2.0
68	5.74406909943	2.0
69	4.77240896225	2.0
70	4.85410714149	2.0
71	2.8821310997	2.0
72	4.86987185478	2.0
73	2.93029713631	2.0
74	3.00384998322	2.0
75	1.9541079998	2.0
76	3.87686395645	2.0
77	8.80630993843	2.0
78	10.6865389347	2.0
79	1.93625998497	2.0
80	1.92998313904	2.0
81	1.94268512726	2.0
82	1.94715094566	2.0
83	5.84411382675	2.0
84	1.96367812157	2.0
85	2.95712280273	2.0
86	2.98740005493	2.0
87	15.8048980236	2.0
88	1.9609811306	2.0
89	3.93057394028	2.0
90	2.97107887268	2.0
91	8.81632399559	2.0
92	2.90277004242	2.0
93	5.80904793739	2.0
94	5.81866002083	2.0
95	4.0221619606	2.0
96	5.82205700874	2.0
97	3.91494894028	2.0
98	1.91461396217	2.0
99	1.91343712807	2.0
100	2.92311501503	2.0
101	5.85167002678	2.0
102	1.94548821449	2.0
103	4.88366699219	2.0
104	5.82514715195	2.0
105	4.91380119324	2.0
106	2.87077999115	2.0
107	3.81109118462	2.0
108	2.84489512444	2.0
109	2.84018397331	2.0
110	1.90569281578	2.0
111	4.75564289093	2.0
112	2.02952194214	2.0
113	1.93228816986	2.0
114	1.95497894287	2.0
115	5.84573888779	2.0
116	4.90608000755	2.0
117	3.90437889099	2.0
118	2.94090509415	2.0
119	1.97815203667	2.0
120	1.98764896393	2.0
121	5.07467007637	2.0
122	3.00623607635	2.0
123	5.0141980648	2.0
124	2.97717618942	2.0
125	1.99986600876	2.0
126	7.00672507286	2.0
127	3.00065588951	2.0
128	10.0261368752	2.0
129	3.03574514389	2.0
130	2.0116341114	2.0
131	3.0615439415	2.0
132	3.02224707603	2.0
133	2.02616596222	2.0
134	3.04992985725	2.0
135	14.1652219296	2.0
136	4.02414894104	2.0
137	8.95121908188	2.0
138	3.96339702606	2.0
139	3.96625304222	2.0
140	3.06338500977	2.0
141	2.0085580349	2.0
142	5.54794406891	2.0
143	2.05639410019	2.0
144	16.230257988	2.0
145	2.01672887802	2.0
146	3.12610721588	2.0
147	2.06823992729	2.0
148	4.06441783905	2.0
149	7.18374800682	2.0
150	6.21241188049	2.0
151	2.00795912743	2.0
152	2.95546102524	2.0
153	3.06020998955	2.0
154	2.00055289268	2.0
155	6.11722493172	2.0
156	3.1500108242	2.0
157	4.06896615028	2.0
158	2.00349497795	2.0
159	2.97539687157	2.0
160	5.02048993111	2.0
161	2.95204401016	2.0
162	2.92742300034	2.0
163	7.0272090435	2.0
164	2.97915101051	2.0
165	2.96454620361	2.0
166	3.97825479507	2.0
167	1.97319316864	2.0
168	3.01320004463	2.0
169	2.99725604057	2.0
170	3.03448796272	2.0
171	12.0316419601	2.0
172	2.96033000946	2.0
173	3.97031903267	2.0
174	3.03275799751	2.0
175	1.99499607086	2.0
176	5.00774908066	2.0
177	1.97702503204	2.0
178	3.97129893303	2.0
179	4.9447760582	2.0
180	4.9184949398	2.0
181	1.97388887405	2.0
182	6.81150507927	2.0
183	2.90432405472	2.0
184	1.93140792847	2.0
185	1.93132996559	2.0
186	2.95229196548	2.0
187	12.7714121342	2.0
188	12.8942689896	2.0
189	2.912555933	2.0
190	1.95866012573	2.0
191	5.00112295151	2.0
192	2.07959794998	2.0
193	3.14012598991	2.0
194	8.06452393532	2.0
195	4.08681297302	2.0
196	2.02921700478	2.0
197	5.11839318275	2.0
198	3.00349783897	2.0
199	2.04176712036	2.0
200	2.10052585602	2.0
201	3.13313508034	2.0
202	5.03662395477	2.0
203	2.95285892487	2.0
204	3.00037503242	2.0
205	2.94883108139	2.0
206	1.96381998062	2.0
207	1.94778299332	2.0
208	2.93997907639	2.0
209	2.98384308815	2.0
210	3.01777100563	2.0
211	4.12047100067	2.0
212	9.1234190464	2.0
213	4.00816202164	2.0
214	2.00535082817	2.0
215	1.96816515923	2.0
216	2.92347717285	2.0
217	5.87220811844	2.0
218	4.03568315506	2.0
219	2.98988199234	2.0
220	2.91656708717	2.0
221	1.93415594101	2.0
222	2.95358586311	2.0
223	1.9541759491	2.0
224	3.90309810638	2.0
225	1.95873403549	2.0
226	1.96838212013	2.0
227	6.9058880806	2.0
228	3.00781607628	2.0
229	2.98360109329	2.0
230	9.9335129261	2.0
231	6.94411587715	2.0
232	3.12628698349	2.0
233	4.00998497009	2.0
234	6.02853894234	2.0
235	2.02497696877	2.0
236	4.0295650959	2.0
237	2.02646899223	2.0
238	2.01818609238	2.0
239	2.11693286896	2.0
240	2.05980014801	2.0
241	8.23642802238	2.0
242	8.10792398453	2.0
243	2.07833719254	2.0
244	9.17073297501	2.0
245	2.04888916016	2.0
246	4.11257910728	2.0
247	2.01161980629	2.0
248	2.03375697136	2.0
249	4.14069318771	2.0
250	6.08402919769	2.0
251	6.00925588608	2.0
252	2.97163510323	2.0
253	11.2510588169	2.0
254	5.09727215767	2.0
255	1.98673605919	2.0
256	3.02057290077	2.0
257	1.99953484535	2.0
258	1.97504401207	2.0
259	5.07259488106	2.0
260	1.97118997574	2.0
261	1.98375606537	2.0
262	2.02195501328	2.0
263	2.03054690361	2.0
264	1.98959994316	2.0
265	12.1678571701	2.0
266	4.03653287888	2.0
267	1.97982406616	2.0
268	1.99788784981	2.0
269	14.044107914	2.0
270	3.07581400871	2.0
271	2.99368882179	2.0
272	4.38490700722	2.0
273	1.97311019897	2.0
274	2.01170516014	2.0
275	2.03152704239	2.0
276	6.94387698174	2.0
277	4.06939482689	2.0
278	1.98541998863	2.0
279	9.99304199219	2.0
280	3.03803491592	2.0
281	3.03787016869	2.0
282	3.05865383148	2.0
283	6.12672495842	2.0
284	2.04288220406	2.0
285	2.06193399429	2.0
286	7.31693387032	2.0
287	3.11654400826	2.0
288	2.05319213867	2.0
289	8.19712781906	2.0
290	2.04674506187	2.0
291	5.14257407188	2.0
292	6.14807605743	2.0
293	2.06913709641	2.0
294	2.0962998867	2.0
295	3.13650298119	2.0
296	6.26105904579	2.0
297	2.13865804672	2.0
298	6.34706711769	2.0
299	5.29126000404	2.0
300	3.1438369751	2.0
301	6.20590186119	2.0
302	6.18241906166	2.0
303	2.0652859211	2.0
304	3.14083313942	2.0
305	3.05910897255	2.0
306	3.13355088234	2.0
307	7.39255905151	2.0
308	6.26661801338	2.0
309	2.02268600464	2.0
310	5.09054589272	2.0
311	2.08250403404	2.0
312	2.07333397865	2.0
313	14.4729349613	2.0
314	5.18669700623	2.0
315	9.17655992508	2.0
316	2.07445406914	2.0
317	2.09178614616	2.0
318	2.05776190758	2.0
319	5.13326382637	2.0
320	2.09416699409	2.0
321	2.01197981834	2.0
322	2.10738492012	2.0
323	4.29551911354	2.0
324	3.96932888031	2.0
325	3.93344211578	2.0
326	3.95005106926	2.0
327	7.90216302872	2.0
328	7.10510587692	2.0
329	2.02813005447	2.0
330	6.05602884293	2.0
331	2.08271288872	2.0
332	1.99774098396	2.0
333	2.98644113541	2.0
334	5.96382498741	2.0
335	8.01190805435	2.0
336	2.02575397491	2.0
337	6.09292316437	2.0
338	14.1096749306	2.0
339	9.14557886124	2.0
340	5.12255907059	2.0
341	3.08331990242	2.0
342	3.11996006966	2.0
343	9.40154695511	2.0
344	5.2114200592	2.0
345	2.06342411041	2.0
346	9.3900539875	2.0
347	7.40281581879	2.0
348	8.24342513084	2.0
349	5.22460007668	2.0
350	10.2899389267	2.0
351	3.07545614243	2.0
352	2.03580093384	2.0
353	5.11030602455	2.0
354	2.10541391373	2.0
355	4.05981397629	2.0
356	2.01417803764	2.0
357	6.19788789749	2.0
358	2.04311990738	2.0
359	4.03223180771	2.0
360	4.05312013626	2.0
361	2.0250980854	2.0
362	10.1328439713	2.0
363	3.15707588196	2.0
364	3.10500788689	2.0
365	6.24068617821	2.0
366	1.9925198555	2.0
367	1.98341298103	2.0
368	3.03037405014	2.0
369	10.3213129044	2.0
370	3.06630110741	2.0
371	12.4064049721	2.0
372	14.2436819077	2.0
373	7.07580804825	2.0
374	6.06072592735	2.0
375	3.16148090363	2.0
376	15.4282851219	2.0
377	25.6006200314	2.0
378	2.05862998962	2.0
379	3.13952088356	2.0
380	5.1932079792	2.0
381	25.8127069473	2.0
382	4.01163196564	2.0
383	2.01799702644	2.0
384	9.12601113319	2.0
385	5.15406298637	2.0
386	3.07728600502	2.0
387	6.0484559536	2.0
388	3.04097390175	2.0
389	18.426320076	2.0
390	3.09689998627	2.0
391	2.05936694145	2.0
392	2.06575202942	2.0
393	2.09603095055	2.0
394	4.14413404465	2.0
395	3.06797194481	2.0
396	3.02137994766	2.0
397	1.97017097473	2.0
398	2.00981092453	2.0
399	11.184718132	2.0
400	3.00591802597	2.0
401	6.99648213387	2.0
402	1.99479913712	2.0
403	1.99650192261	2.0
404	3.95509195328	2.0
405	4.91635203362	2.0
406	1.96937799454	2.0
407	1.95303797722	2.0
408	2.96170401573	2.0
409	16.8561439514	2.0
410	3.98515892029	2.0
411	9.92449402809	2.0
412	2.95298814774	2.0
413	4.91796422005	2.0
414	4.96271276474	2.0
415	2.92621302605	2.0
416	2.9585621357	2.0
417	3.89878487587	2.0
418	1.9425470829	2.0
419	2.9092400074	2.0
420	1.91217899323	2.0
421	4.73054599762	2.0
422	9.92248606682	2.0
423	1.99748206139	2.0
424	2.95511984825	2.0
425	10.9156739712	2.0
426	4.95114994049	2.0
427	1.96956396103	2.0
428	2.03696894646	2.0
429	8.09529614449	2.0
430	7.80210614204	2.0
431	1.98250985146	2.0
432	3.97422909737	2.0
433	2.05728983879	2.0
434	6.04675388336	2.0
435	4.10148382187	2.0
436	2.12047696114	2.0
437	4.87780714035	2.0
438	3.84131383896	2.0
439	4.94321107864	2.0
440	3.93239998817	2.0
441	6.82189702988	2.0
442	4.0548889637	2.0
443	1.98927617073	2.0
444	1.99773788452	2.0
445	4.17398285866	2.0
446	2.98829102516	2.0
447	4.02733111382	2.0
448	2.03247117996	2.0
449	5.01209807396	2.0
450	2.03647780418	2.0
451	4.0503680706	2.0
452	2.98838591576	2.0
453	2.95195698738	2.0
454	2.96521186829	2.0
455	2.94693613052	2.0
456	4.8341190815	2.0
457	1.93208789825	2.0
458	5.8434150219	2.0
459	5.81029891968	2.0
460	6.97037887573	2.0
461	1.98377013206	2.0
462	10.7439379692	2.0
463	1.97166705132	2.0
464	1.92112779617	2.0
465	2.8715839386	2.0
466	2.8786110878	2.0
467	10.6104888916	2.0
468	5.8581840992	2.0
469	7.78291487694	2.0
470	7.74969291687	2.0
471	1.95085406303	2.0
472	12.6265780926	2.0
473	3.85996294022	2.0
474	3.98377895355	2.0
475	10.6927490234	2.0
476	3.89896702766	2.0
477	2.87200093269	2.0
478	1.91390895844	2.0
479	2.86943817139	2.0
480	1.92011618614	2.0
481	7.62932515144	2.0
482	10.490197897	2.0
483	4.77939009666	2.0
484	5.84260296822	2.0
485	6.85344600677	2.0
486	2.85640692711	2.0
487	1.92685103416	2.0
488	4.75924992561	2.0
489	9.53847098351	2.0
490	5.66053891182	2.0
491	2.83126807213	2.0
492	2.89322781563	2.0
493	2.87539505959	2.0
494	2.85332107544	2.0
495	6.69936394691	2.0
496	22.9225809574	2.0
497	2.86725306511	2.0
498	11.4326200485	2.0
499	3.82723093033	2.0
500	1.93237805367	2.0
501	5.85080814362	2.0
502	1.97215485573	2.0
503	1.94636321068	2.0
504	9.57247400284	2.0
505	7.58707499504	2.0
506	2.93049788475	2.0
507	5.93705892563	2.0
508	4.84894013405	2.0
509	3.85566806793	2.0
510	2.92681503296	2.0
511	6.873057127	2.0
512	3.90461111069	2.0
513	6.95035099983	2.0
514	4.08804106712	2.0
515	1.99359703064	2.0
516	8.00053715706	2.0
517	2.91359090805	2.0
518	2.90548205376	2.0
519	2.94490003586	2.0
520	4.97351789474	2.0
521	4.83862805367	2.0
522	6.74549889565	2.0
523	4.80645012856	2.0
524	2.93483400345	2.0
525	1.92080307007	2.0
526	2.8562939167	2.0
527	1.89240384102	2.0
528	5.74388408661	2.0
529	4.91409707069	2.0
530	1.96720790863	2.0
531	9.72407698631	2.0
532	4.80598092079	2.0
533	5.83459401131	2.0
534	3.80839705467	2.0
535	6.85298085213	2.0
536	2.90404295921	2.0
537	1.91697192192	2.0
538	7.8156170845	2.0
539	5.95761799812	2.0
540	7.8687889576	2.0
541	3.84388279915	2.0
542	8.66244912148	2.0
543	3.82498407364	2.0
544	4.77469301224	2.0
545	1.91255712509	2.0
546	3.82777810097	2.0
547	4.80446410179	2.0
548	11.3687508106	2.0
549	2.8574821949	2.0
550	2.8878068924	2.0
551	22.0217292309	2.0
552	6.77186012268	2.0
553	1.92701196671	2.0
554	4.82551503181	2.0
555	1.93640899658	2.0
556	7.73551011086	2.0
557	13.4522438049	2.0
558	5.8434779644	2.0
559	9.8208091259	2.0
560	25.2103259563	2.0
561	2.88245296478	2.0
562	4.82212400436	2.0
563	1.92056202888	2.0
564	2.91294598579	2.0
565	1.93635392189	2.0
566	6.79032993317	2.0
567	4.80847096443	2.0
568	3.88364505768	2.0
569	1.96351099014	2.0
570	3.89984107018	2.0
571	4.90573692322	2.0
572	2.90957403183	2.0
573	15.5232949257	2.0
574	7.76672101021	2.0
575	11.6879889965	2.0
576	5.77342700958	2.0
577	26.9363980293	2.0
578	2.88070106506	2.0
579	11.4745659828	2.0
580	8.6051440239	2.0
581	11.4328639507	2.0
582	5.70115804672	2.0
583	4.77175307274	2.0
584	9.657351017	2.0
585	3.84668111801	2.0
586	19.3660399914	2.0
587	17.2482259274	2.0
588	4.77745389938	2.0
589	14.3246719837	2.0
590	9.55951094627	2.0
591	8.57149004936	2.0
592	25.7638728619	2.0
593	3.782736063	2.0
594	6.63419985771	2.0
595	3.76884913445	2.0
596	2.82023692131	2.0
597	7.61453390121	2.0
598	2.89088201523	2.0
599	4.81920599937	2.0
600	3.85155487061	2.0
601	7.73338913918	2.0
602	7.74463486671	2.0
603	17.2996959686	2.0
604	6.71618413925	2.0
605	17.5386590958	2.0
606	6.84404301643	2.0
607	9.93561005592	2.0
608	13.8594338894	2.0
609	2.9623529911	2.0
610	12.6476500034	2.0
611	1.96971893311	2.0
612	8.83864998817	2.0
613	7.03783988953	2.0
614	4.98631620407	2.0
615	11.9065480232	2.0
616	2.96340203285	2.0
617	14.7880358696	2.0
618	7.84918093681	2.0
619	1.96546220779	2.0
620	15.7665967941	2.0
621	14.7645120621	2.0
622	3.87390208244	2.0
623	12.7650458813	2.0
624	6.8893198967	2.0
625	5.8925549984	2.0
626	1.9510447979	2.0
627	7.80814099312	2.0
628	2.97050905228	2.0
629	1.97967910767	2.0
630	5.9033370018	2.0
631	4.96254992485	2.0
632	5.94019007683	2.0
633	12.8307409286	2.0
634	1.94539809227	2.0
635	2.92903709412	2.0
636	3.92076802254	2.0
637	5.92999482155	2.0
638	8.80287504196	2.0
639	4.91829299927	2.0
640	1.96537208557	2.0
641	2.93812894821	2.0
642	2.92290592194	2.0
643	4.88126206398	2.0
644	2.91176080704	2.0
645	4.84214019775	2.0
646	5.84872198105	2.0
647	1.95629119873	2.0
648	1.96754908562	2.0
649	4.91099190712	2.0
650	3.89867806435	2.0
651	2.94321990013	2.0
652	2.97784209251	2.0
653	4.95282697678	2.0
654	6.90805101395	2.0
655	8.78084206581	2.0
656	5.91144704819	2.0
657	4.89417791367	2.0
658	1.94519996643	2.0
659	4.85948705673	2.0
660	3.90245389938	2.0
661	4.91777205467	2.0
662	2.94933891296	2.0
663	12.8416540623	2.0
664	2.9516119957	2.0
665	2.95772194862	2.0
666	2.94936800003	2.0
667	1.97045993805	2.0
668	2.92613482475	2.0
669	1.9533970356	2.0
670	1.96839308739	2.0
671	1.97778820992	2.0
672	1.9684419632	2.0
673	1.97835612297	2.0
674	1.99425697327	2.0
675	2.99483895302	2.0
676	3.97305512428	2.0
677	4.98651218414	2.0
678	7.00618600845	2.0
679	2.98897695541	2.0
680	3.01588106155	2.0
681	5.00124692917	2.0
682	1.9923620224	2.0
683	4.04921102524	2.0
684	6.01808595657	2.0
685	6.96791791916	2.0
686	2.96527194977	2.0
687	6.97068405151	2.0
688	1.98167395592	2.0
689	4.95835590363	2.0
690	2.00301003456	2.0
691	2.0264210701	2.0
692	6.11886191368	2.0
693	19.597037077	2.0
694	3.09927296638	2.0
695	3.08669281006	2.0
696	2.02138614655	2.0
697	2.01467108727	2.0
698	4.02002882957	2.0
699	5.00657916069	2.0
700	2.9873509407	2.0
701	3.00235199928	2.0
702	2.01452589035	2.0
703	4.99498701096	2.0
704	5.01507902145	2.0
705	4.04816293716	2.0
706	3.02566003799	2.0
707	3.0445189476	2.0
708	2.02375483513	2.0
709	6.08484792709	2.0
710	2.02980804443	2.0
711	2.03671002388	2.0
712	5.09545707703	2.0
713	2.01878118515	2.0
714	6.06803607941	2.0
715	5.03833699226	2.0
716	4.01451683044	2.0
717	1.98034095764	2.0
718	8.96083307266	2.0
719	5.91470098495	2.0
720	5.93986797333	2.0
721	4.9769308567	2.0
722	2.00544500351	2.0
723	2.02659606934	2.0
724	4.04521298409	2.0
725	2.04367995262	2.0
726	3.04328083992	2.0
727	2.02537107468	2.0
728	2.0277569294	2.0
729	10.1937699318	2.0
730	2.03953886032	2.0
731	5.09272408485	2.0
732	2.0262658596	2.0
733	2.02316713333	2.0
734	2.0229511261	2.0
735	8.0997838974	2.0
736	3.03924608231	2.0
737	7.05811095238	2.0
738	11.0828309059	2.0
739	5.05198907852	2.0
740	4.07656884193	2.0
741	3.04067802429	2.0
742	8.12311601639	2.0
743	8.12249588966	2.0
744	5.12429189682	2.0
745	3.08216190338	2.0
746	2.0487101078	2.0
747	6.07745480537	2.0
748	3.04178714752	2.0
749	6.06861996651	2.0
750	3.03355789185	2.0
751	11.137512207	2.0
752	7.09225606918	2.0
753	2.02497386932	2.0
754	2.02853107452	2.0
755	19.2247829437	2.0
756	9.01910090446	2.0
757	4.99574708939	2.0
758	4.00982904434	2.0
759	12.1559381485	2.0
760	3.08197402954	2.0
761	2.06925606728	2.0
1	2.90959906578	2.0
2	1.93203687668	2.0
3	4.81176590919	2.0
4	1.91433405876	2.0
5	2.88572716713	2.0
6	1.91001319885	2.0
7	1.9068210125	2.0
8	2.88244605064	2.0
9	5.80609703064	2.0
10	1.92508006096	2.0
11	1.92812991142	2.0
12	1.94831490517	2.0
13	3.93338894844	2.0
14	1.96458292007	2.0
15	2.87382698059	2.0
16	5.75257706642	2.0
17	2.91657996178	2.0
18	2.9052131176	2.0
19	2.91172385216	2.0
20	3.91948986053	2.0
21	1.95133495331	2.0
22	1.96312117577	2.0
23	5.88115310669	2.0
24	1.95810604095	2.0
25	1.96763014793	2.0
26	5.866492033	2.0
27	9.86254310608	2.0
28	7.84353590012	2.0
29	4.91226887703	2.0
30	3.96538305283	2.0
31	1.9931139946	2.0
32	1.979834795	2.0
33	1.97845721245	2.0
34	9.12174510956	2.0
35	14.923060894	2.0
36	4.81982898712	2.0
37	1.94936084747	2.0
38	1.95041298866	2.0
39	12.5897510052	2.0
40	3.84845805168	2.0
41	3.85293102264	2.0
42	2.91570520401	2.0
43	1.95721578598	2.0
44	3.92651104927	2.0
45	1.97460103035	2.0
46	3.92993402481	2.0
47	8.81568813324	2.0
48	1.93437004089	2.0
49	1.95272302628	2.0
50	1.96831297874	2.0
51	17.649107933	2.0
52	6.78410887718	2.0
53	3.89988017082	2.0
54	7.88542318344	2.0
55	1.98448610306	2.0
56	2.02011394501	2.0
57	2.07925701141	2.0
58	2.04097318649	2.0
59	2.05978488922	2.0
60	12.3411409855	2.0
61	3.0444688797	2.0
62	2.00572705269	2.0
63	2.96606898308	2.0
64	3.02355599403	2.0
65	5.19486403465	2.0
66	9.14592003822	2.0
67	3.05920696259	2.0
68	4.00707292557	2.0
69	5.05458688736	2.0
70	2.02186799049	2.0
71	2.00007605553	2.0
72	4.00889396667	2.0
73	6.98238301277	2.0
74	5.04416298866	2.0
75	8.04081296921	2.0
76	27.5618209839	2.0
77	4.08479809761	2.0
78	14.0380308628	2.0
79	3.18374896049	2.0
80	4.12706518173	2.0
81	8.26123094559	2.0
82	55.0599489212	2.0
83	19.5304679871	2.0
84	12.2164108753	2.0
85	4.03323888779	2.0
86	1.97849297523	2.0
87	1.98918294907	2.0
88	2.03908705711	2.0
89	6.04432296753	2.0
90	10.083206892	2.0
91	9.00324296951	2.0
92	8.10242700577	2.0
93	1.99285411835	2.0
94	5.97052717209	2.0
95	9.05838418007	2.0
96	15.9873411655	2.0
97	3.96610784531	2.0
98	3.00457501411	2.0
99	19.0999948978	2.0
100	2.02732110023	2.0
101	4.11628103256	2.0
102	3.09649610519	2.0
103	16.216408968	2.0
104	3.04519104958	2.0
105	2.03003787994	2.0
106	14.2954480648	2.0
107	9.14879512787	2.0
108	7.05994200706	2.0
109	6.07996296883	2.0
110	24.11262393	2.0
111	5.06098294258	2.0
112	1.99443507195	2.0
113	6.09439301491	2.0
114	12.2492830753	2.0
115	2.06006503105	2.0
116	2.02306890488	2.0
117	17.266644001	2.0
118	2.0638999939	2.0
119	5.13407206535	2.0
120	11.3475208282	2.0
121	6.23189210892	2.0
122	3.12285590172	2.0
123	5.32758402824	2.0
124	4.18508195877	2.0
125	8.27103710175	2.0
126	11.4054107666	2.0
127	7.21166801453	2.0
128	3.12134790421	2.0
129	4.16674399376	2.0
130	2.07267379761	2.0
131	2.09129095078	2.0
132	2.04204702377	2.0
133	4.07847189903	2.0
134	7.15954899788	2.0
135	4.10589694977	2.0
136	3.01465916634	2.0
137	2.03104996681	2.0
138	2.02048897743	2.0
139	4.19473814964	2.0
140	6.1883790493	2.0
141	5.22185707092	2.0
142	4.14435195923	2.0
143	7.3364648819	2.0
144	4.09639286995	2.0
145	7.25907206535	2.0
146	2.02980589867	2.0
147	3.03497195244	2.0
148	16.2686698437	2.0
149	9.42579913139	2.0
150	2.02312088013	2.0
151	3.02888703346	2.0
152	1.99953007698	2.0
153	4.13502216339	2.0
154	3.08479905128	2.0
155	3.05453896523	2.0
156	4.12380385399	2.0
157	5.15655994415	2.0
158	4.088586092	2.0
159	5.14347100258	2.0
160	3.13266897202	2.0
161	3.10078597069	2.0
162	7.37010908127	2.0
163	24.1962080002	2.0
164	4.07439398766	2.0
165	6.23598599434	2.0
166	2.0925719738	2.0
167	2.12788009644	2.0
168	5.39901399612	2.0
169	5.16724491119	2.0
170	4.26782083511	2.0
171	3.13569116592	2.0
172	4.15631103516	2.0
173	8.17467594147	2.0
174	3.09522199631	2.0
175	3.09933996201	2.0
176	4.1381289959	2.0
177	6.26898097992	2.0
178	2.1325480938	2.0
179	4.24625301361	2.0
180	3.12956809998	2.0
181	4.13557291031	2.0
182	2.10324692726	2.0
183	2.17004513741	2.0
184	3.10414004326	2.0
185	5.21219086647	2.0
186	3.15562701225	2.0
187	2.15677905083	2.0
188	3.15088295937	2.0
189	4.18495392799	2.0
190	3.17338109016	2.0
191	5.20443201065	2.0
192	2.04487800598	2.0
193	5.23359394073	2.0
194	6.1818549633	2.0
195	2.02013897896	2.0
196	2.03308296204	2.0
197	2.08549213409	2.0
198	2.0654129982	2.0
199	2.07043099403	2.0
200	3.07039093971	2.0
201	4.1861448288	2.0
202	2.0891149044	2.0
203	3.28568196297	2.0
204	5.14938402176	2.0
205	5.11918497086	2.0
206	2.05229902267	2.0
207	5.0201818943	2.0
208	1.9772799015	2.0
209	5.96327805519	2.0
210	3.01691508293	2.0
211	9.28864097595	2.0
212	7.08965611458	2.0
213	2.01828694344	2.0
214	2.03248310089	2.0
215	4.11159682274	2.0
216	3.0178899765	2.0
217	5.05435800552	2.0
218	7.13154697418	2.0
219	7.12248015404	2.0
220	3.01777100563	2.0
221	2.07041311264	2.0
222	3.03101277351	2.0
223	4.02406597137	2.0
224	5.95891284943	2.0
225	1.97885394096	2.0
226	2.96256780624	2.0
227	39.831663847	2.0
228	5.88910007477	2.0
229	8.82796287537	2.0
230	5.9937851429	2.0
231	4.96065306664	2.0
232	3.00150799751	2.0
233	4.04681396484	2.0
234	21.9606440067	2.0
235	1.99323678017	2.0
236	2.00909805298	2.0
237	2.95683503151	2.0
238	3.97283220291	2.0
239	4.99162912369	2.0
240	6.15638399124	2.0
241	8.01390099525	2.0
242	3.04660415649	2.0
243	4.99482512474	2.0
244	2.03475880623	2.0
245	6.0761950016	2.0
246	10.2150480747	2.0
247	4.13419699669	2.0
248	10.4950799942	2.0
249	4.15495300293	2.0
250	7.35790801048	2.0
251	9.49669408798	2.0
252	2.07229399681	2.0
253	5.13009595871	2.0
254	2.10557198524	2.0
255	7.35596609116	2.0
256	2.07574892044	2.0
257	3.14333415031	2.0
258	5.3647480011	2.0
259	5.2881731987	2.0
260	4.12189984322	2.0
261	2.05465006828	2.0
262	10.2427759171	2.0
263	3.10201907158	2.0
264	2.13830208778	2.0
265	8.24970006943	2.0
266	5.22616410255	2.0
267	7.35006093979	2.0
268	4.18842291832	2.0
269	4.18684697151	2.0
270	4.15935492516	2.0
271	4.2032558918	2.0
272	4.16803097725	2.0
273	2.12351799011	2.0
274	3.23593592644	2.0
275	2.09310698509	2.0
276	2.09723687172	2.0
277	5.18310117722	2.0
278	2.10133218765	2.0
279	3.18900418282	2.0
280	2.0831592083	2.0
281	4.1528608799	2.0
282	2.08350300789	2.0
283	2.10535407066	2.0
284	9.29853916168	2.0
285	5.19521093369	2.0
286	2.14831900597	2.0
287	3.22678089142	2.0
288	2.05287909508	2.0
289	5.25052404404	2.0
290	3.14894986153	2.0
291	2.07848906517	2.0
292	2.07971405983	2.0
293	2.06996798515	2.0
294	7.18568491936	2.0
295	3.05891895294	2.0
296	2.02733111382	2.0
297	6.01834011078	2.0
298	2.0296330452	2.0
299	14.9507339001	2.0
300	6.03298091888	2.0
301	3.0190410614	2.0
302	3.00387191772	2.0
303	3.99096512794	2.0
304	3.02800321579	2.0
305	3.07683706284	2.0
306	7.16102290154	2.0
307	4.05043005943	2.0
308	6.98671603203	2.0
309	9.11428284645	2.0
310	6.05834102631	2.0
311	4.9867079258	2.0
312	8.05795812607	2.0
313	2.05791306496	2.0
314	10.0273377895	2.0
315	5.15409398079	2.0
316	1.96387505531	2.0
317	12.2143330574	2.0
318	5.02640986443	2.0
319	5.08410310745	2.0
320	14.1202988625	2.0
321	2.98451900482	2.0
322	1.95001387596	2.0
323	6.95158314705	2.0
324	4.02521014214	2.0
325	2.95609498024	2.0
326	2.9750649929	2.0
327	3.93736410141	2.0
328	8.91331291199	2.0
329	7.85980200768	2.0
330	8.88081598282	2.0
331	3.02889585495	2.0
332	6.93243598938	2.0
333	3.97748708725	2.0
334	7.16696500778	2.0
335	4.06804013252	2.0
336	10.1276450157	2.0
337	7.0830950737	2.0
338	14.9268660545	2.0
339	2.97802615166	2.0
340	2.06940102577	2.0
341	3.03394508362	2.0
342	19.875688076	2.0
343	12.9748921394	2.0
344	4.02078819275	2.0
345	29.626843214	2.0
346	10.6225328445	2.0
347	1.9440331459	2.0
348	7.88534522057	2.0
349	6.86044692993	2.0
350	2.8911049366	2.0
351	24.5808579922	2.0
352	2.95305681229	2.0
353	2.86748504639	2.0
354	2.88399195671	2.0
355	8.77610993385	2.0
356	4.89107203484	2.0
357	7.78374218941	2.0
358	10.8117899895	2.0
359	6.10078191757	2.0
360	16.6377079487	2.0
361	10.8657879829	2.0
362	8.77985191345	2.0
363	1.96328210831	2.0
364	7.89779782295	2.0
365	5.00220894814	2.0
366	1.97580909729	2.0
367	4.94793200493	2.0
368	3.92594909668	2.0
369	8.04197883606	2.0
370	23.0787668228	2.0
371	7.04960799217	2.0
372	5.06866407394	2.0
373	11.0846290588	2.0
374	6.08987092972	2.0
375	2.0137629509	2.0
376	13.1406750679	2.0
377	3.05755710602	2.0
378	4.98129606247	2.0
379	8.10091996193	2.0
380	4.05244398117	2.0
381	5.1246919632	2.0
1	2.00821018219	2.0
2	2.00020599365	2.0
3	2.96443009377	2.0
4	1.95008206367	2.0
5	1.98904180527	2.0
6	1.99115014076	2.0
7	2.91292691231	2.0
8	1.96345496178	2.0
9	1.99243712425	2.0
10	1.96641421318	2.0
11	2.98482704163	2.0
12	3.94480514526	2.0
13	1.99265289307	2.0
14	2.99949288368	2.0
15	1.99903297424	2.0
16	5.94879293442	2.0
17	3.02384614944	2.0
18	3.06161618233	2.0
19	2.00618219376	2.0
20	2.04360318184	2.0
21	2.02544021606	2.0
22	2.00810790062	2.0
23	2.02363014221	2.0
24	3.08505988121	2.0
25	1.96745896339	2.0
26	2.95253109932	2.0
27	5.91263103485	2.0
28	2.01009011269	2.0
29	5.20465779305	2.0
30	2.99646687508	2.0
31	2.01929402351	2.0
32	4.05197000504	2.0
33	2.01802492142	2.0
34	6.09334301949	2.0
35	2.02993702888	2.0
36	8.12634801865	2.0
37	4.04479408264	2.0
38	12.3081531525	2.0
39	1.9738779068	2.0
40	6.02854609489	2.0
41	2.02277398109	2.0
42	1.96781802177	2.0
43	4.94388818741	2.0
44	2.99230313301	2.0
45	32.5769791603	2.0
46	2.0222928524	2.0
47	3.00012803078	2.0
48	9.19193696976	2.0
49	7.21057605743	2.0
50	6.01776385307	2.0
51	8.08098101616	2.0
52	17.4948921204	2.0
53	32.6320469379	2.0
54	4.99647402763	2.0
55	2.06356406212	2.0
56	32.4455091953	2.0
57	14.5395481586	2.0
58	12.4226310253	2.0
59	7.16713094711	2.0
60	16.5787079334	2.0
61	3.13102006912	2.0
62	6.17616987228	2.0
63	5.22744488716	2.0
64	10.2180099487	2.0
65	4.10550689697	2.0
66	2.05638289452	2.0
67	7.38697910309	2.0
68	2.01186203957	2.0
69	19.7063331604	2.0
70	8.09456801414	2.0
71	2.17817306519	2.0
72	9.27913403511	2.0
73	4.14772796631	2.0
74	10.2167639732	2.0
75	8.09408712387	2.0
76	2.01148486137	2.0
77	7.2682800293	2.0
78	18.4486501217	2.0
79	9.29099416733	2.0
80	4.08607792854	2.0
81	6.31326293945	2.0
82	3.10840702057	2.0
83	7.19793391228	2.0
84	3.11439108849	2.0
85	5.24465203285	2.0
86	18.2310678959	2.0
87	7.97254705429	2.0
88	6.02511811256	2.0
89	2.0007610321	2.0
90	3.05027008057	2.0
91	2.00758194923	2.0
92	12.2523210049	2.0
93	7.05700802803	2.0
94	15.9124591351	2.0
95	2.99826288223	2.0
96	4.99347090721	2.0
97	6.09419107437	2.0
98	21.7188270092	2.0
99	3.04881095886	2.0
100	3.18188405037	2.0
101	16.1991589069	2.0
102	2.02317214012	2.0
103	3.05812907219	2.0
104	4.0854549408	2.0
105	2.08780694008	2.0
106	7.17360901833	2.0
107	3.10871100426	2.0
108	2.09320902824	2.0
109	5.19215512276	2.0
110	8.32514500618	2.0
111	12.4126160145	2.0
112	4.14191794395	2.0
113	3.1293091774	2.0
114	2.07335996628	2.0
115	7.24670100212	2.0
116	3.14834094048	2.0
117	2.08742403984	2.0
118	3.13288784027	2.0
119	4.19434809685	2.0
120	3.17099094391	2.0
121	8.37975692749	2.0
122	2.10407710075	2.0
123	5.22402310371	2.0
124	11.3443419933	2.0
125	4.13827705383	2.0
126	2.02958083153	2.0
127	12.0450589657	2.0
128	1.99893307686	2.0
129	4.00523900986	2.0
130	2.01313710213	2.0
131	2.00467300415	2.0
132	5.9765920639	2.0
133	1.99560499191	2.0
134	1.98668503761	2.0
135	7.94916605949	2.0
136	2.94877481461	2.0
137	3.92484712601	2.0
138	1.95758914948	2.0
139	22.6544561386	2.0
140	2.98493695259	2.0
141	1.98069095612	2.0
142	5.97364091873	2.0
143	8.99658298492	2.0
144	13.9395358562	2.0
145	8.95886301994	2.0
146	1.99731397629	2.0
147	7.01115202904	2.0
148	3.01364207268	2.0
149	8.03284692764	2.0
150	6.04463386536	2.0
151	26.9658238888	2.0
152	2.00092315674	2.0
153	2.97898197174	2.0
154	1.97696900368	2.0
155	7.89637303352	2.0
156	5.92166090012	2.0
157	5.91893696785	2.0
158	2.94237804413	2.0
159	1.96132802963	2.0
160	3.92682003975	2.0
161	2.99188303947	2.0
162	6.90468287468	2.0
163	6.87710499763	2.0
164	1.96476387978	2.0
165	2.92107605934	2.0
166	1.96363592148	2.0
167	7.88285517693	2.0
168	8.8255212307	2.0
169	3.91035199165	2.0
170	3.85275697708	2.0
171	2.90188694	2.0
172	1.94388103485	2.0
1	1.93674397469	2.0
2	1.93511104584	2.0
3	4.84622311592	2.0
4	1.92952299118	2.0
5	1.90895605087	2.0
6	1.88467001915	2.0
7	1.90804386139	2.0
8	2.88207292557	2.0
9	1.92149496078	2.0
10	1.91635704041	2.0
11	2.87962579727	2.0
12	5.80892705917	2.0
13	5.78266596794	2.0
14	3.84858584404	2.0
15	3.8646068573	2.0
16	2.85110497475	2.0
17	3.84832310677	2.0
18	1.94356012344	2.0
19	2.90698599815	2.0
20	1.94527792931	2.0
21	2.90222907066	2.0
22	1.94482707977	2.0
23	1.94235181808	2.0
24	1.93961811066	2.0
25	1.95319199562	2.0
26	2.96427083015	2.0
27	3.9698240757	2.0
28	1.97823786736	2.0
29	11.792773962	2.0
30	3.01817393303	2.0
31	2.01275110245	2.0
32	1.99506616592	2.0
33	10.7765679359	2.0
34	6.78912997246	2.0
35	1.93208909035	2.0
36	2.90036010742	2.0
37	2.90399312973	2.0
38	3.85796904564	2.0
39	1.92045903206	2.0
40	1.93166995049	2.0
41	1.92876982689	2.0
42	4.82568407059	2.0
43	2.92805290222	2.0
44	1.93672299385	2.0
45	10.5963709354	2.0
46	3.84379220009	2.0
47	2.87905597687	2.0
48	3.85346198082	2.0
49	6.71173596382	2.0
50	2.86750602722	2.0
51	2.87823295593	2.0
52	3.85458898544	2.0
53	2.91171479225	2.0
54	1.94513201714	2.0
55	7.81602907181	2.0
56	1.95655703545	2.0
57	2.95678305626	2.0
58	2.96480178833	2.0
59	7.93150305748	2.0
60	3.92197990417	2.0
61	2.93795681	2.0
62	9.79271101952	2.0
63	5.81283593178	2.0
64	3.87758612633	2.0
65	2.88402986526	2.0
66	3.83707499504	2.0
67	2.87911486626	2.0
68	1.92983603477	2.0
69	3.88461494446	2.0
70	4.89035797119	2.0
71	4.89374399185	2.0
72	13.6530559063	2.0
73	5.89989709854	2.0
74	3.93226695061	2.0
75	3.86642789841	2.0
76	1.91714382172	2.0
77	9.59134912491	2.0
78	3.85248613358	2.0
79	1.91993284225	2.0
80	3.88610100746	2.0
81	1.93975496292	2.0
82	8.70033597946	2.0
83	4.82540798187	2.0
84	12.693887949	2.0
85	6.80073285103	2.0
86	7.79294991493	2.0
87	4.84711503983	2.0
88	1.94492697716	2.0
89	2.91933488846	2.0
90	2.93481492996	2.0
91	3.94124794006	2.0
92	1.95045208931	2.0
93	4.87551307678	2.0
94	1.94189405441	2.0
95	6.79631400108	2.0
96	1.90281009674	2.0
97	1.89756011963	2.0
98	6.65272402763	2.0
99	10.5939559937	2.0
100	4.78544092178	2.0
101	7.69528222084	2.0
102	3.82662606239	2.0
103	1.94592690468	2.0
104	3.86324191093	2.0
105	3.84663701057	2.0
106	1.91638994217	2.0
107	4.82899308205	2.0
108	5.8257920742	2.0
109	2.96709108353	2.0
110	4.92707419395	2.0
111	8.88351798058	2.0
112	1.95930790901	2.0
113	1.94870710373	2.0
114	1.96270298958	2.0
115	1.96331810951	2.0
116	2.94422602654	2.0
117	2.94354200363	2.0
118	4.8994038105	2.0
119	1.94806098938	2.0
120	16.5891418457	2.0
121	3.9058110714	2.0
122	2.91984796524	2.0
123	24.4167089462	2.0
124	2.93739891052	2.0
125	1.9764649868	2.0
126	1.96989297867	2.0
127	4.93492102623	2.0
128	4.91879200935	2.0
129	7.86581301689	2.0
130	1.9802968502	2.0
131	2.94584488869	2.0
132	4.93166303635	2.0
133	4.96386384964	2.0
134	2.99696207047	2.0
135	1.99172997475	2.0
136	8.94708490372	2.0
137	5.92154598236	2.0
138	3.93329405785	2.0
139	10.709100008	2.0
140	2.93287396431	2.0
141	1.94076704979	2.0
142	3.89101099968	2.0
143	2.94063615799	2.0
144	1.97492599487	2.0
145	14.7758738995	2.0
146	1.9517428875	2.0
147	3.92414903641	2.0
148	9.64189195633	2.0
149	1.91583704948	2.0
150	1.92899799347	2.0
151	3.82335805893	2.0
152	5.69717001915	2.0
153	8.57813382149	2.0
154	1.90483903885	2.0
155	10.5014591217	2.0
156	1.89937520027	2.0
157	11.3282120228	2.0
158	8.58078408241	2.0
159	2.839179039	2.0
160	1.91445088387	2.0
161	2.87489891052	2.0
162	3.81570506096	2.0
163	1.91386890411	2.0
164	5.72933602333	2.0
165	1.92272400856	2.0
166	2.87684202194	2.0
167	1.90183997154	2.0
168	6.60832881927	2.0
169	11.1851990223	2.0
170	4.67854690552	2.0
171	1.86580300331	2.0
172	6.52832484245	2.0
173	1.90273094177	2.0
174	1.90704512596	2.0
175	2.87162685394	2.0
176	1.89692211151	2.0
177	1.91643714905	2.0
178	1.90929198265	2.0
179	7.6665019989	2.0
180	3.83111000061	2.0
181	1.9085650444	2.0
182	1.91383290291	2.0
183	5.76424098015	2.0
184	1.88989496231	2.0
185	1.9018239975	2.0
186	7.64411187172	2.0
187	6.73712706566	2.0
188	3.8403968811	2.0
189	2.92342400551	2.0
190	1.94581818581	2.0
191	2.88156509399	2.0
192	5.73782801628	2.0
193	1.92046713829	2.0
194	3.86981701851	2.0
195	2.90618109703	2.0
196	2.90751695633	2.0
197	3.85406899452	2.0
198	1.91931915283	2.0
199	2.89051699638	2.0
200	1.91441893578	2.0
201	16.2456641197	2.0
202	1.90976786613	2.0
203	6.66640090942	2.0
204	11.6024501324	2.0
205	2.87799787521	2.0
206	10.5665268898	2.0
207	1.90821003914	2.0
208	3.81268882751	2.0
209	1.91488814354	2.0
210	3.87849617004	2.0
211	2.92873477936	2.0
212	2.90078186989	2.0
213	1.92673707008	2.0
214	5.75627017021	2.0
215	1.92046880722	2.0
216	1.91546416283	2.0
217	1.8818359375	2.0
218	2.8191640377	2.0
219	3.74066710472	2.0
220	1.84388113022	2.0
221	3.71155500412	2.0
222	1.86967611313	2.0
223	1.87768912315	2.0
224	1.87831687927	2.0
225	8.49839305878	2.0
226	3.75354099274	2.0
227	4.6614921093	2.0
228	1.88289403915	2.0
229	6.63685202599	2.0
230	6.5967259407	2.0
231	3.79956889153	2.0
232	4.74788403511	2.0
233	3.81189203262	2.0
234	2.85115885735	2.0
235	4.81780600548	2.0
236	2.88774108887	2.0
237	2.86157894135	2.0
238	9.50688195229	2.0
239	2.86447691917	2.0
240	7.61004114151	2.0
241	3.84163999557	2.0
242	7.74117493629	2.0
243	4.83016991615	2.0
244	2.88748812675	2.0
245	3.84014678001	2.0
246	1.92861914635	2.0
247	4.82229804993	2.0
248	1.92092704773	2.0
249	3.82807993889	2.0
250	5.77416205406	2.0
251	1.9182741642	2.0
252	7.67979001999	2.0
253	8.69690895081	2.0
254	3.81396198273	2.0
255	7.57506203651	2.0
256	4.70929312706	2.0
257	9.31818699837	2.0
258	1.87042284012	2.0
259	6.58097195625	2.0
260	6.67070198059	2.0
261	1.90078496933	2.0
262	2.82395005226	2.0
263	5.63262009621	2.0
264	8.47492408752	2.0
265	2.86573696136	2.0
266	2.86434102058	2.0
267	7.62457585335	2.0
268	5.75853705406	2.0
269	4.83645200729	2.0
270	2.90327191353	2.0
271	1.93215799332	2.0
272	4.84582400322	2.0
273	3.90184092522	2.0
274	3.85088801384	2.0
275	1.91713094711	2.0
276	10.5076439381	2.0
277	9.55958890915	2.0
278	1.91984391212	2.0
279	1.90763521194	2.0
280	4.74531602859	2.0
281	8.51435399055	2.0
282	7.59786581993	2.0
283	6.64262008667	2.0
284	5.69512104988	2.0
285	5.6719930172	2.0
286	2.83082795143	2.0
287	12.4391460419	2.0
288	10.4635360241	2.0
289	7.59521007538	2.0
290	7.62002396584	2.0
291	1.90512299538	2.0
292	7.635668993	2.0
293	10.4631309509	2.0
294	4.77370095253	2.0
295	3.80051803589	2.0
296	1.91327905655	2.0
297	2.90696811676	2.0
298	4.87827420235	2.0
299	3.9080657959	2.0
300	2.93491983414	2.0
301	1.94209504128	2.0
302	2.90351104736	2.0
303	3.87630796432	2.0
304	1.93203306198	2.0
305	5.77077412605	2.0
306	10.6632947922	2.0
307	6.71803188324	2.0
308	2.87585496902	2.0
309	1.93896389008	2.0
310	4.79568505287	2.0
311	2.90045499802	2.0
312	2.88067984581	2.0
313	1.93553614616	2.0
314	1.92447781563	2.0
315	3.88190197945	2.0
316	1.93523216248	2.0
317	1.9411380291	2.0
318	5.83056306839	2.0
319	1.92208909988	2.0
320	5.76054382324	2.0
321	8.68705511093	2.0
322	4.89428687096	2.0
323	5.79565501213	2.0
324	10.5282111168	2.0
325	2.84063816071	2.0
326	5.68700194359	2.0
327	4.75263881683	2.0
328	6.60305213928	2.0
329	3.79024100304	2.0
330	1.89452600479	2.0
331	1.89890003204	2.0
332	21.8501739502	2.0
333	2.80861997604	2.0
334	7.49978685379	2.0
335	4.63011908531	2.0
336	7.41309905052	2.0
337	9.2687921524	2.0
338	1.83011889458	2.0
339	2.72979402542	2.0
340	6.42669582367	2.0
341	2.75160098076	2.0
342	4.58508205414	2.0
343	12.9457838535	2.0
344	1.85850310326	2.0
345	2.79987883568	2.0
346	1.89025115967	2.0
347	2.83277010918	2.0
348	4.76593995094	2.0
349	1.92349410057	2.0
350	1.92726898193	2.0
351	8.65198707581	2.0
352	1.91158509254	2.0
353	5.7315351963	2.0
354	2.85796904564	2.0
355	2.84457111359	2.0
356	1.91275691986	2.0
357	3.84397101402	2.0
358	1.92455101013	2.0
359	7.61725616455	2.0
360	1.9001288414	2.0
361	27.3681521416	2.0
362	2.82145476341	2.0
363	2.82446408272	2.0
364	3.79777097702	2.0
365	2.89788389206	2.0
366	7.7466571331	2.0
367	2.87322592735	2.0
368	2.85082507133	2.0
369	2.86133885384	2.0
370	4.85914897919	2.0
371	7.87347602844	2.0
372	2.95738196373	2.0
373	5.88735890388	2.0
374	6.84499192238	2.0
375	11.6150200367	2.0
376	6.79220294952	2.0
377	2.91888689995	2.0
378	8.76831507683	2.0
379	5.84525990486	2.0
380	8.76859903336	2.0
381	1.91501092911	2.0
382	10.6141228676	2.0
383	4.85244894028	2.0
384	3.82830405235	2.0
385	11.462747097	2.0
386	3.84217500687	2.0
387	2.85490918159	2.0
388	7.65112304688	2.0
389	3.80609297752	2.0
390	9.54732608795	2.0
391	2.86003088951	2.0
392	4.71715903282	2.0
393	3.76555585861	2.0
394	1.88166904449	2.0
395	3.79044103622	2.0
396	1.86647796631	2.0
397	4.6625688076	2.0
398	1.84861016273	2.0
399	3.69680976868	2.0
400	1.86039710045	2.0
401	2.79769802094	2.0
402	4.7153968811	2.0
403	10.4299829006	2.0
404	2.86635804176	2.0
405	4.76436090469	2.0
406	3.8868200779	2.0
407	1.91758799553	2.0
408	1.91000199318	2.0
409	1.91941308975	2.0
410	7.61241698265	2.0
411	6.72801399231	2.0
412	3.8753349781	2.0
413	1.90933012962	2.0
414	1.88567113876	2.0
415	5.69758987427	2.0
416	2.873057127	2.0
417	4.80636501312	2.0
418	1.90336489677	2.0
419	4.78928303719	2.0
420	5.72538495064	2.0
421	6.65997004509	2.0
422	1.88801598549	2.0
423	13.2554519176	2.0
424	1.89848089218	2.0
425	3.75419807434	2.0
426	2.82913088799	2.0
427	3.73739099503	2.0
428	6.57731294632	2.0
429	2.83898091316	2.0
430	1.87526488304	2.0
431	1.86433315277	2.0
432	18.7191431522	2.0
433	3.70828080177	2.0
434	1.864164114	2.0
435	3.73582482338	2.0
436	8.35017418861	2.0
437	2.79988312721	2.0
438	5.63726305962	2.0
439	12.20058918	2.0
440	5.68219304085	2.0
441	1.90756177902	2.0
442	7.63605999947	2.0
443	2.83688902855	2.0
444	5.64380097389	2.0
445	2.815335989	2.0
446	7.58749008179	2.0
447	3.8410179615	2.0
448	1.9165790081	2.0
449	7.71634697914	2.0
450	6.74284696579	2.0
451	2.8748319149	2.0
452	7.5647919178	2.0
453	15.0489490032	2.0
454	12.4044270515	2.0
455	1.9128549099	2.0
456	3.79483413696	2.0
457	6.60106182098	2.0
458	14.1668331623	2.0
459	12.3129150867	2.0
460	3.79103207588	2.0
461	2.86084580421	2.0
462	9.647397995	2.0
463	6.79997897148	2.0
464	4.85998511314	2.0
465	2.90692806244	2.0
466	11.6763761044	2.0
467	1.94230794907	2.0
468	1.93407297134	2.0
469	6.86349201202	2.0
470	1.95441102982	2.0
471	1.97856497765	2.0
472	1.98126196861	2.0
473	3.99610805511	2.0
474	7.95962381363	2.0
475	19.5917141438	2.0
476	5.86662101746	2.0
477	2.89360713959	2.0
478	3.85592007637	2.0
479	1.92583084106	2.0
480	2.8926961422	2.0
481	4.88747191429	2.0
482	5.89821600914	2.0
483	1.95945191383	2.0
484	13.7710208893	2.0
485	2.94083213806	2.0
486	1.96508407593	2.0
487	3.94581103325	2.0
488	2.96230387688	2.0
489	3.94378805161	2.0
490	5.93933010101	2.0
491	7.79925513268	2.0
492	1.95649695396	2.0
493	2.90841794014	2.0
494	4.83214402199	2.0
495	1.94869303703	2.0
496	3.8953909874	2.0
497	2.9074909687	2.0
498	6.84932684898	2.0
499	1.95482897758	2.0
500	1.94691300392	2.0
501	3.89862513542	2.0
502	1.96250987053	2.0
503	1.97639107704	2.0
504	1.97785305977	2.0
505	2.94160199165	2.0
506	1.95597696304	2.0
507	2.91713619232	2.0
508	5.85515904427	2.0
509	1.97615098953	2.0
510	2.97958493233	2.0
511	5.93933010101	2.0
512	7.92170906067	2.0
513	3.02798509598	2.0
514	2.02487897873	2.0
515	7.00475597382	2.0
516	2.021089077	2.0
517	2.02934479713	2.0
518	2.03508520126	2.0
519	6.03472709656	2.0
520	1.9836628437	2.0
521	5.87592697144	2.0
522	1.97219705582	2.0
523	1.96385407448	2.0
524	4.90272283554	2.0
525	2.93620800972	2.0
526	1.92153215408	2.0
527	6.58397388458	2.0
528	4.68014907837	2.0
529	1.85755300522	2.0
530	1.87377595901	2.0
531	1.90091705322	2.0
532	2.88237285614	2.0
533	2.91403102875	2.0
534	5.77306604385	2.0
535	8.75748801231	2.0
536	1.9348950386	2.0
537	3.8909330368	2.0
538	1.93010282516	2.0
539	3.86299610138	2.0
540	3.84830379486	2.0
541	1.88224220276	2.0
542	5.66644692421	2.0
543	3.76655197144	2.0
544	4.68903899193	2.0
545	4.7178800106	2.0
546	10.32249403	2.0
547	27.3117349148	2.0
548	5.66401004791	2.0
549	1.91543698311	2.0
550	6.72504806519	2.0
551	1.91786313057	2.0
552	1.90916204453	2.0
553	1.9267950058	2.0
554	13.6336669922	2.0
555	1.92161011696	2.0
556	1.92116689682	2.0
557	3.86185789108	2.0
558	1.92631793022	2.0
559	6.73194098473	2.0
560	2.87819910049	2.0
561	3.83642196655	2.0
562	2.90407514572	2.0
563	6.80976295471	2.0
564	1.94807219505	2.0
565	1.94782495499	2.0
566	3.8713259697	2.0
567	3.90154409409	2.0
568	4.87527704239	2.0
569	3.92379283905	2.0
570	2.9039170742	2.0
571	6.79886198044	2.0
572	1.95170283318	2.0
573	16.6068041325	2.0
574	9.79113698006	2.0
575	5.87637710571	2.0
576	7.85331106186	2.0
577	6.8415210247	2.0
578	5.87608408928	2.0
579	1.96577095985	2.0
580	12.793022871	2.0
581	3.94102311134	2.0
582	9.75198078156	2.0
583	5.88456511497	2.0
584	2.91619992256	2.0
585	7.80036997795	2.0
586	3.93376803398	2.0
587	3.95815086365	2.0
588	16.7230370045	2.0
589	5.89740085602	2.0
590	1.97537207603	2.0
591	4.88233399391	2.0
592	7.82080483437	2.0
593	1.9230401516	2.0
594	4.81478905678	2.0
595	8.63910102844	2.0
596	2.87082600594	2.0
597	8.69540500641	2.0
598	1.93216300011	2.0
599	2.90526008606	2.0
600	4.81975007057	2.0
601	4.80819988251	2.0
602	1.92688894272	2.0
603	1.9232070446	2.0
604	7.69973802567	2.0
605	2.8813931942	2.0
606	7.72136592865	2.0
607	6.77230811119	2.0
608	2.88725399971	2.0
609	5.75813794136	2.0
610	18.4265470505	2.0
611	1.92925095558	2.0
612	1.91268396378	2.0
613	7.69684505463	2.0
614	8.65382504463	2.0
615	2.86998486519	2.0
616	1.92324590683	2.0
617	10.5259070396	2.0
618	1.92277002335	2.0
619	1.91287088394	2.0
620	2.88322710991	2.0
621	3.79995989799	2.0
622	10.5742940903	2.0
623	3.88265895844	2.0
624	10.5943720341	2.0
625	16.3163208961	2.0
626	3.83220791817	2.0
627	1.91216015816	2.0
628	5.69756221771	2.0
629	1.88649582863	2.0
630	1.85823106766	2.0
631	16.8538050652	2.0
632	9.3187110424	2.0
633	1.8790128231	2.0
634	1.89111208916	2.0
635	1.87865281105	2.0
636	1.87096214294	2.0
637	9.41195392609	2.0
638	4.67655491829	2.0
639	7.56355214119	2.0
640	5.73610305786	2.0
641	2.86732602119	2.0
642	3.82714295387	2.0
643	1.94215393066	2.0
644	1.92192912102	2.0
645	1.94665002823	2.0
646	1.95843100548	2.0
647	3.90966486931	2.0
648	1.95364809036	2.0
649	7.77823400497	2.0
650	23.3163919449	2.0
651	7.6768848896	2.0
652	1.92179489136	2.0
653	1.88853621483	2.0
654	6.65152788162	2.0
655	13.2981472015	2.0
656	1.90874505043	2.0
657	3.87075209618	2.0
658	7.72892379761	2.0
659	2.89698505402	2.0
660	9.56664013863	2.0
661	7.67262196541	2.0
662	2.86067390442	2.0
663	7.53041005135	2.0
664	1.87366199493	2.0
665	6.63489294052	2.0
666	7.63888692856	2.0
667	1.94343900681	2.0
668	2.90188789368	2.0
