1	1	2.0
2	2	2.0
3	2	2.0
4	1	2.0
5	4	2.0
6	4	2.0
7	1	2.0
8	2	2.0
9	1	2.0
10	3	2.0
11	1	2.0
12	1	2.0
13	1	2.0
14	2	2.0
15	1	2.0
16	8	2.0
17	10	2.0
18	1	2.0
19	8	2.0
20	1	2.0
21	1	2.0
22	2	2.0
23	1	2.0
24	1	2.0
25	5	2.0
26	1	2.0
27	1	2.0
28	1	2.0
29	1	2.0
30	3	2.0
31	1	2.0
32	3	2.0
33	5	2.0
34	3	2.0
35	3	2.0
36	1	2.0
37	1	2.0
38	2	2.0
39	2	2.0
40	1	2.0
41	1	2.0
42	1	2.0
43	1	2.0
44	6	2.0
45	3	2.0
46	2	2.0
47	1	2.0
48	2	2.0
49	1	2.0
50	18	2.0
51	12	2.0
52	5	2.0
53	5	2.0
54	1	2.0
55	5	2.0
56	8	2.0
57	1	2.0
58	2	2.0
59	1	2.0
60	2	2.0
61	4	2.0
62	6	2.0
63	3	2.0
64	12	2.0
65	7	2.0
66	2	2.0
67	15	2.0
68	4	2.0
69	17	2.0
70	8	2.0
71	3	2.0
72	6	2.0
73	1	2.0
74	26	2.0
75	7	2.0
76	14	2.0
77	2	2.0
78	6	2.0
79	32	2.0
80	5	2.0
81	4	2.0
82	6	2.0
83	13	2.0
84	3	2.0
85	3	2.0
86	4	2.0
87	3	2.0
88	11	2.0
89	4	2.0
90	24	2.0
91	2	2.0
92	18	2.0
93	5	2.0
94	6	2.0
95	2	2.0
96	6	2.0
97	1	2.0
98	1	2.0
99	14	2.0
100	2	2.0
101	1	2.0
102	1	2.0
103	5	2.0
104	4	2.0
105	2	2.0
106	7	2.0
107	30	2.0
108	7	2.0
109	1	2.0
110	6	2.0
111	6	2.0
112	1	2.0
113	4	2.0
114	5	2.0
115	3	2.0
116	3	2.0
117	2	2.0
118	10	2.0
119	2	2.0
120	1	2.0
121	13	2.0
122	1	2.0
123	3	2.0
124	5	2.0
125	5	2.0
126	7	2.0
127	1	2.0
128	2	2.0
129	4	2.0
130	5	2.0
131	2	2.0
132	14	2.0
133	1	2.0
134	2	2.0
135	2	2.0
136	14	2.0
137	2	2.0
138	12	2.0
139	2	2.0
140	6	2.0
141	1	2.0
142	2	2.0
143	2	2.0
144	2	2.0
145	2	2.0
146	1	2.0
147	25	2.0
148	3	2.0
149	4	2.0
150	4	2.0
151	9	2.0
152	7	2.0
153	3	2.0
154	2	2.0
155	1	2.0
156	3	2.0
157	10	2.0
158	2	2.0
159	12	2.0
160	11	2.0
161	3	2.0
162	6	2.0
163	2	2.0
164	2	2.0
165	1	2.0
166	8	2.0
167	11	2.0
168	16	2.0
169	1	2.0
170	14	2.0
171	3	2.0
172	24	2.0
173	3	2.0
174	7	2.0
175	1	2.0
1	1	2.0
2	5	2.0
3	1	2.0
4	1	2.0
5	1	2.0
6	1	2.0
7	2	2.0
8	1	2.0
9	1	2.0
10	1	2.0
11	2	2.0
12	1	2.0
13	2	2.0
14	1	2.0
15	1	2.0
16	2	2.0
17	2	2.0
18	3	2.0
19	3	2.0
20	2	2.0
21	6	2.0
22	1	2.0
23	1	2.0
24	3	2.0
25	2	2.0
26	6	2.0
27	1	2.0
28	1	2.0
29	2	2.0
30	2	2.0
31	2	2.0
32	3	2.0
33	3	2.0
34	1	2.0
35	2	2.0
36	1	2.0
37	1	2.0
38	1	2.0
39	4	2.0
40	1	2.0
41	1	2.0
42	5	2.0
43	4	2.0
44	1	2.0
45	1	2.0
46	1	2.0
47	5	2.0
48	1	2.0
49	2	2.0
50	2	2.0
51	6	2.0
52	2	2.0
53	10	2.0
54	1	2.0
55	1	2.0
56	1	2.0
57	1	2.0
58	3	2.0
59	1	2.0
60	1	2.0
61	1	2.0
62	1	2.0
63	10	2.0
64	3	2.0
65	3	2.0
66	2	2.0
67	1	2.0
68	2	2.0
69	1	2.0
70	6	2.0
71	1	2.0
72	3	2.0
73	3	2.0
74	6	2.0
75	1	2.0
76	3	2.0
77	4	2.0
78	1	2.0
79	4	2.0
80	3	2.0
81	1	2.0
82	2	2.0
83	2	2.0
84	1	2.0
85	2	2.0
86	2	2.0
87	4	2.0
88	8	2.0
89	2	2.0
90	1	2.0
91	5	2.0
92	1	2.0
93	1	2.0
94	12	2.0
95	2	2.0
96	7	2.0
97	2	2.0
98	5	2.0
99	5	2.0
100	7	2.0
101	1	2.0
102	4	2.0
103	12	2.0
104	2	2.0
105	2	2.0
106	4	2.0
107	2	2.0
108	2	2.0
109	1	2.0
110	1	2.0
111	2	2.0
112	10	2.0
113	16	2.0
114	2	2.0
115	2	2.0
116	1	2.0
117	1	2.0
118	1	2.0
119	3	2.0
120	3	2.0
121	1	2.0
122	3	2.0
123	1	2.0
124	2	2.0
125	4	2.0
126	5	2.0
127	4	2.0
128	6	2.0
129	8	2.0
130	1	2.0
131	1	2.0
132	1	2.0
133	6	2.0
134	3	2.0
135	1	2.0
136	12	2.0
137	6	2.0
138	5	2.0
139	7	2.0
140	2	2.0
141	7	2.0
142	4	2.0
143	2	2.0
144	23	2.0
145	8	2.0
146	1	2.0
147	3	2.0
148	1	2.0
149	3	2.0
150	9	2.0
151	4	2.0
152	12	2.0
153	3	2.0
154	2	2.0
155	2	2.0
156	5	2.0
157	1	2.0
158	8	2.0
159	2	2.0
160	11	2.0
161	9	2.0
162	3	2.0
163	1	2.0
164	3	2.0
165	5	2.0
166	12	2.0
167	2	2.0
168	2	2.0
169	2	2.0
170	1	2.0
171	1	2.0
172	3	2.0
173	2	2.0
174	7	2.0
175	4	2.0
176	2	2.0
177	2	2.0
178	3	2.0
179	1	2.0
180	2	2.0
181	9	2.0
182	4	2.0
183	1	2.0
184	1	2.0
185	6	2.0
186	1	2.0
187	1	2.0
188	1	2.0
189	2	2.0
190	1	2.0
191	5	2.0
192	1	2.0
193	1	2.0
194	3	2.0
195	4	2.0
196	1	2.0
197	1	2.0
198	1	2.0
199	1	2.0
200	1	2.0
201	4	2.0
202	1	2.0
203	2	2.0
204	1	2.0
205	1	2.0
206	4	2.0
207	1	2.0
208	2	2.0
209	4	2.0
210	1	2.0
211	3	2.0
212	3	2.0
213	7	2.0
214	6	2.0
215	2	2.0
216	4	2.0
217	1	2.0
218	4	2.0
219	7	2.0
220	16	2.0
221	1	2.0
222	1	2.0
223	10	2.0
224	9	2.0
225	2	2.0
226	1	2.0
227	5	2.0
228	11	2.0
229	2	2.0
230	1	2.0
231	6	2.0
232	12	2.0
233	1	2.0
234	7	2.0
235	10	2.0
236	2	2.0
237	1	2.0
238	5	2.0
239	2	2.0
240	2	2.0
241	1	2.0
242	1	2.0
243	4	2.0
244	7	2.0
245	15	2.0
246	1	2.0
247	1	2.0
248	1	2.0
249	4	2.0
250	4	2.0
251	3	2.0
252	1	2.0
253	6	2.0
254	10	2.0
255	3	2.0
256	4	2.0
257	3	2.0
258	6	2.0
259	3	2.0
260	4	2.0
261	2	2.0
262	3	2.0
263	1	2.0
264	6	2.0
265	4	2.0
266	1	2.0
267	2	2.0
268	9	2.0
269	4	2.0
270	1	2.0
271	1	2.0
272	3	2.0
273	13	2.0
274	2	2.0
275	2	2.0
276	1	2.0
277	4	2.0
278	4	2.0
279	1	2.0
280	2	2.0
281	2	2.0
1	2	2.0
2	1	2.0
3	2	2.0
4	3	2.0
5	2	2.0
6	1	2.0
7	1	2.0
8	1	2.0
9	1	2.0
10	1	2.0
11	1	2.0
12	1	2.0
13	5	2.0
14	3	2.0
15	1	2.0
16	2	2.0
17	1	2.0
18	1	2.0
19	2	2.0
20	3	2.0
21	1	2.0
22	2	2.0
23	2	2.0
24	2	2.0
25	7	2.0
26	1	2.0
27	4	2.0
28	1	2.0
29	1	2.0
30	2	2.0
31	1	2.0
32	1	2.0
33	1	2.0
34	5	2.0
35	1	2.0
36	1	2.0
37	1	2.0
38	4	2.0
39	1	2.0
40	4	2.0
41	5	2.0
42	5	2.0
43	4	2.0
44	1	2.0
45	6	2.0
46	2	2.0
47	7	2.0
48	4	2.0
49	2	2.0
50	1	2.0
51	1	2.0
52	2	2.0
53	2	2.0
54	9	2.0
55	15	2.0
56	3	2.0
57	3	2.0
58	2	2.0
59	2	2.0
60	1	2.0
61	6	2.0
62	6	2.0
63	5	2.0
64	14	2.0
65	3	2.0
66	5	2.0
67	5	2.0
68	1	2.0
69	2	2.0
70	10	2.0
71	3	2.0
72	6	2.0
73	6	2.0
74	5	2.0
75	1	2.0
76	1	2.0
77	3	2.0
78	4	2.0
79	1	2.0
80	1	2.0
81	1	2.0
82	4	2.0
83	3	2.0
84	3	2.0
85	10	2.0
86	1	2.0
87	1	2.0
88	1	2.0
89	1	2.0
90	2	2.0
91	9	2.0
92	2	2.0
93	5	2.0
94	2	2.0
95	2	2.0
96	1	2.0
97	2	2.0
98	7	2.0
99	6	2.0
100	5	2.0
101	6	2.0
102	4	2.0
103	1	2.0
104	18	2.0
105	8	2.0
106	4	2.0
107	2	2.0
108	2	2.0
109	4	2.0
110	2	2.0
111	4	2.0
112	12	2.0
113	4	2.0
114	2	2.0
115	5	2.0
116	4	2.0
117	3	2.0
118	7	2.0
119	14	2.0
120	1	2.0
121	7	2.0
122	6	2.0
123	4	2.0
124	7	2.0
125	1	2.0
126	5	2.0
127	2	2.0
128	16	2.0
129	8	2.0
130	3	2.0
131	5	2.0
132	3	2.0
133	5	2.0
134	2	2.0
135	1	2.0
136	1	2.0
137	2	2.0
138	9	2.0
139	1	2.0
140	3	2.0
141	1	2.0
142	6	2.0
143	4	2.0
144	8	2.0
145	8	2.0
146	3	2.0
147	3	2.0
148	7	2.0
149	3	2.0
150	8	2.0
151	8	2.0
152	15	2.0
153	4	2.0
154	1	2.0
155	7	2.0
156	2	2.0
157	5	2.0
158	18	2.0
159	6	2.0
160	4	2.0
161	4	2.0
162	2	2.0
163	1	2.0
164	2	2.0
165	2	2.0
166	2	2.0
167	2	2.0
168	1	2.0
169	7	2.0
170	5	2.0
171	3	2.0
172	6	2.0
173	3	2.0
174	2	2.0
175	4	2.0
176	6	2.0
177	3	2.0
178	1	2.0
179	2	2.0
180	8	2.0
181	2	2.0
182	6	2.0
183	5	2.0
184	6	2.0
185	22	2.0
186	1	2.0
187	3	2.0
188	6	2.0
189	3	2.0
190	1	2.0
191	1	2.0
192	9	2.0
193	1	2.0
194	3	2.0
195	1	2.0
196	2	2.0
197	1	2.0
198	6	2.0
199	2	2.0
200	2	2.0
201	3	2.0
202	1	2.0
203	2	2.0
204	2	2.0
205	2	2.0
206	1	2.0
207	1	2.0
208	5	2.0
209	5	2.0
210	6	2.0
211	7	2.0
212	1	2.0
213	1	2.0
214	1	2.0
215	3	2.0
216	1	2.0
217	1	2.0
218	3	2.0
219	1	2.0
220	2	2.0
221	7	2.0
222	6	2.0
223	2	2.0
224	3	2.0
225	1	2.0
226	2	2.0
227	3	2.0
228	1	2.0
229	4	2.0
230	6	2.0
231	7	2.0
232	2	2.0
233	5	2.0
234	6	2.0
235	1	2.0
236	3	2.0
237	4	2.0
238	1	2.0
239	1	2.0
240	2	2.0
241	2	2.0
242	2	2.0
243	17	2.0
244	1	2.0
245	7	2.0
246	1	2.0
247	7	2.0
248	4	2.0
249	3	2.0
250	6	2.0
251	4	2.0
252	3	2.0
253	1	2.0
254	2	2.0
255	1	2.0
256	3	2.0
257	7	2.0
258	6	2.0
259	4	2.0
260	15	2.0
261	5	2.0
262	1	2.0
263	6	2.0
264	5	2.0
265	8	2.0
266	4	2.0
267	2	2.0
268	7	2.0
269	1	2.0
270	1	2.0
271	6	2.0
272	3	2.0
273	2	2.0
274	2	2.0
275	3	2.0
276	1	2.0
277	3	2.0
278	1	2.0
279	4	2.0
280	1	2.0
281	1	2.0
282	1	2.0
283	1	2.0
284	5	2.0
285	7	2.0
286	6	2.0
287	3	2.0
288	2	2.0
289	2	2.0
290	2	2.0
291	9	2.0
292	5	2.0
293	2	2.0
294	1	2.0
295	7	2.0
296	15	2.0
297	1	2.0
298	3	2.0
299	1	2.0
300	1	2.0
301	1	2.0
302	2	2.0
303	2	2.0
304	3	2.0
305	3	2.0
306	4	2.0
307	19	2.0
308	2	2.0
309	3	2.0
310	9	2.0
311	13	2.0
312	2	2.0
313	4	2.0
314	1	2.0
315	7	2.0
316	2	2.0
317	1	2.0
318	1	2.0
319	3	2.0
320	7	2.0
321	2	2.0
322	3	2.0
323	2	2.0
324	1	2.0
325	2	2.0
326	12	2.0
327	2	2.0
328	3	2.0
329	3	2.0
330	5	2.0
331	2	2.0
332	2	2.0
333	5	2.0
334	17	2.0
335	1	2.0
336	8	2.0
337	5	2.0
338	12	2.0
339	3	2.0
340	1	2.0
341	13	2.0
342	11	2.0
343	5	2.0
344	1	2.0
345	1	2.0
346	1	2.0
347	3	2.0
348	3	2.0
349	11	2.0
350	6	2.0
351	3	2.0
352	2	2.0
353	2	2.0
354	1	2.0
355	1	2.0
356	1	2.0
357	3	2.0
358	3	2.0
359	3	2.0
360	1	2.0
361	3	2.0
362	2	2.0
363	1	2.0
364	1	2.0
365	7	2.0
366	1	2.0
367	4	2.0
368	8	2.0
369	15	2.0
370	4	2.0
371	1	2.0
372	5	2.0
373	7	2.0
374	1	2.0
375	1	2.0
376	1	2.0
377	4	2.0
378	1	2.0
379	2	2.0
380	1	2.0
381	4	2.0
382	2	2.0
383	5	2.0
384	4	2.0
385	2	2.0
386	3	2.0
387	1	2.0
388	18	2.0
389	4	2.0
390	6	2.0
391	7	2.0
392	4	2.0
393	4	2.0
394	2	2.0
395	5	2.0
396	7	2.0
397	7	2.0
398	1	2.0
399	2	2.0
400	5	2.0
401	3	2.0
402	1	2.0
403	1	2.0
404	1	2.0
405	2	2.0
406	1	2.0
407	1	2.0
408	2	2.0
409	1	2.0
410	5	2.0
411	11	2.0
412	6	2.0
413	3	2.0
414	6	2.0
415	1	2.0
416	3	2.0
417	6	2.0
418	3	2.0
419	2	2.0
420	1	2.0
421	3	2.0
422	1	2.0
423	1	2.0
424	2	2.0
425	1	2.0
426	13	2.0
427	7	2.0
428	1	2.0
429	1	2.0
430	1	2.0
431	1	2.0
432	1	2.0
433	1	2.0
434	2	2.0
435	3	2.0
436	5	2.0
437	16	2.0
438	2	2.0
439	3	2.0
440	3	2.0
441	4	2.0
442	3	2.0
443	3	2.0
444	2	2.0
445	1	2.0
446	2	2.0
447	1	2.0
448	2	2.0
449	3	2.0
450	2	2.0
451	3	2.0
452	1	2.0
453	4	2.0
454	3	2.0
455	1	2.0
456	6	2.0
457	2	2.0
458	5	2.0
459	5	2.0
460	1	2.0
461	7	2.0
462	8	2.0
463	1	2.0
464	3	2.0
465	7	2.0
466	1	2.0
467	15	2.0
468	8	2.0
469	7	2.0
470	3	2.0
471	2	2.0
472	4	2.0
473	1	2.0
474	3	2.0
475	2	2.0
476	1	2.0
477	3	2.0
478	5	2.0
479	5	2.0
480	1	2.0
481	3	2.0
482	7	2.0
483	3	2.0
484	2	2.0
485	2	2.0
486	1	2.0
487	5	2.0
488	6	2.0
489	1	2.0
490	4	2.0
491	1	2.0
492	2	2.0
493	10	2.0
494	4	2.0
495	2	2.0
496	1	2.0
497	1	2.0
498	4	2.0
499	8	2.0
500	1	2.0
501	2	2.0
502	5	2.0
503	4	2.0
504	2	2.0
505	26	2.0
506	6	2.0
507	7	2.0
508	1	2.0
509	1	2.0
510	4	2.0
511	11	2.0
512	1	2.0
513	4	2.0
514	1	2.0
515	2	2.0
516	12	2.0
517	1	2.0
518	5	2.0
519	7	2.0
520	8	2.0
521	8	2.0
522	2	2.0
523	1	2.0
524	1	2.0
525	7	2.0
526	2	2.0
527	3	2.0
528	1	2.0
529	21	2.0
530	6	2.0
531	3	2.0
532	7	2.0
533	2	2.0
534	1	2.0
535	3	2.0
536	2	2.0
537	4	2.0
538	3	2.0
539	2	2.0
540	2	2.0
541	1	2.0
542	2	2.0
543	5	2.0
544	2	2.0
545	2	2.0
546	3	2.0
547	4	2.0
548	2	2.0
549	4	2.0
550	10	2.0
551	3	2.0
552	4	2.0
553	4	2.0
554	2	2.0
555	9	2.0
556	7	2.0
557	1	2.0
558	3	2.0
559	2	2.0
560	5	2.0
561	1	2.0
562	1	2.0
563	9	2.0
564	8	2.0
565	3	2.0
566	3	2.0
567	3	2.0
568	10	2.0
569	2	2.0
570	3	2.0
571	7	2.0
572	2	2.0
573	1	2.0
574	7	2.0
575	4	2.0
576	2	2.0
577	3	2.0
578	4	2.0
579	9	2.0
580	5	2.0
581	3	2.0
582	5	2.0
583	4	2.0
584	3	2.0
585	9	2.0
586	4	2.0
587	2	2.0
588	1	2.0
589	4	2.0
590	4	2.0
591	3	2.0
592	3	2.0
593	1	2.0
594	1	2.0
595	2	2.0
596	13	2.0
597	7	2.0
598	8	2.0
599	8	2.0
600	1	2.0
601	2	2.0
602	2	2.0
603	3	2.0
604	4	2.0
605	5	2.0
606	2	2.0
607	3	2.0
608	12	2.0
609	5	2.0
610	33	2.0
611	11	2.0
612	17	2.0
613	1	2.0
614	1	2.0
615	3	2.0
616	1	2.0
617	1	2.0
618	1	2.0
619	3	2.0
620	10	2.0
621	24	2.0
622	4	2.0
623	8	2.0
624	2	2.0
625	2	2.0
626	7	2.0
627	2	2.0
628	1	2.0
629	2	2.0
630	1	2.0
631	6	2.0
632	1	2.0
633	1	2.0
634	15	2.0
635	5	2.0
636	1	2.0
637	6	2.0
638	3	2.0
639	3	2.0
640	10	2.0
641	2	2.0
642	2	2.0
643	3	2.0
644	1	2.0
645	1	2.0
646	3	2.0
647	7	2.0
648	13	2.0
649	3	2.0
650	3	2.0
651	1	2.0
652	2	2.0
653	8	2.0
654	11	2.0
655	12	2.0
656	1	2.0
657	22	2.0
658	2	2.0
659	23	2.0
660	5	2.0
661	3	2.0
662	2	2.0
663	1	2.0
664	5	2.0
665	3	2.0
666	26	2.0
667	2	2.0
668	4	2.0
669	1	2.0
670	3	2.0
671	2	2.0
672	2	2.0
673	10	2.0
674	1	2.0
675	1	2.0
676	1	2.0
677	10	2.0
678	6	2.0
679	5	2.0
680	10	2.0
681	1	2.0
682	1	2.0
683	2	2.0
684	3	2.0
685	3	2.0
686	12	2.0
687	6	2.0
688	1	2.0
689	2	2.0
690	3	2.0
691	2	2.0
692	3	2.0
693	7	2.0
694	7	2.0
695	1	2.0
696	8	2.0
697	2	2.0
698	7	2.0
699	4	2.0
700	1	2.0
701	1	2.0
702	2	2.0
703	1	2.0
704	1	2.0
705	2	2.0
706	5	2.0
707	1	2.0
708	2	2.0
709	1	2.0
710	1	2.0
711	2	2.0
712	1	2.0
713	8	2.0
714	3	2.0
715	7	2.0
716	1	2.0
717	2	2.0
718	9	2.0
719	2	2.0
720	1	2.0
721	1	2.0
722	1	2.0
723	1	2.0
724	5	2.0
725	2	2.0
726	1	2.0
727	1	2.0
728	1	2.0
729	2	2.0
730	1	2.0
731	3	2.0
732	3	2.0
733	9	2.0
734	4	2.0
735	6	2.0
736	2	2.0
737	4	2.0
738	11	2.0
739	1	2.0
740	3	2.0
741	5	2.0
742	3	2.0
743	2	2.0
744	9	2.0
745	10	2.0
746	1	2.0
747	7	2.0
748	15	2.0
749	4	2.0
750	6	2.0
751	1	2.0
752	4	2.0
753	8	2.0
754	9	2.0
755	54	2.0
756	1	2.0
757	8	2.0
758	2	2.0
759	3	2.0
760	3	2.0
761	24	2.0
762	18	2.0
763	13	2.0
764	33	2.0
765	21	2.0
766	15	2.0
767	12	2.0
768	14	2.0
769	1	2.0
770	4	2.0
771	17	2.0
772	19	2.0
773	1	2.0
774	1	2.0
775	4	2.0
776	28	2.0
777	9	2.0
778	4	2.0
779	9	2.0
780	16	2.0
781	15	2.0
782	11	2.0
783	33	2.0
784	8	2.0
785	5	2.0
786	4	2.0
787	16	2.0
788	4	2.0
789	1	2.0
790	1	2.0
791	3	2.0
792	1	2.0
793	1	2.0
794	7	2.0
795	5	2.0
796	7	2.0
797	9	2.0
798	9	2.0
1	1	2.0
2	1	2.0
3	2	2.0
4	2	2.0
5	4	2.0
6	1	2.0
7	2	2.0
8	2	2.0
9	5	2.0
10	2	2.0
11	2	2.0
12	3	2.0
13	1	2.0
14	5	2.0
15	1	2.0
16	2	2.0
17	1	2.0
18	1	2.0
19	1	2.0
20	1	2.0
21	1	2.0
22	3	2.0
23	1	2.0
24	3	2.0
25	2	2.0
26	1	2.0
27	1	2.0
28	1	2.0
29	2	2.0
30	2	2.0
31	4	2.0
32	3	2.0
33	3	2.0
34	2	2.0
35	3	2.0
36	1	2.0
37	2	2.0
38	1	2.0
39	2	2.0
40	1	2.0
41	8	2.0
42	3	2.0
43	2	2.0
44	1	2.0
45	2	2.0
46	1	2.0
47	3	2.0
48	3	2.0
49	1	2.0
50	2	2.0
51	1	2.0
52	1	2.0
53	2	2.0
54	1	2.0
55	1	2.0
56	1	2.0
57	10	2.0
58	1	2.0
59	5	2.0
60	3	2.0
61	8	2.0
62	2	2.0
63	13	2.0
64	26	2.0
65	1	2.0
66	13	2.0
67	1	2.0
68	3	2.0
69	2	2.0
70	5	2.0
71	3	2.0
72	2	2.0
73	5	2.0
74	12	2.0
75	5	2.0
76	5	2.0
77	1	2.0
78	3	2.0
79	2	2.0
80	1	2.0
81	1	2.0
82	3	2.0
83	4	2.0
84	1	2.0
85	1	2.0
86	2	2.0
87	1	2.0
88	3	2.0
89	1	2.0
90	2	2.0
91	1	2.0
92	4	2.0
93	1	2.0
94	2	2.0
95	3	2.0
96	9	2.0
97	5	2.0
98	2	2.0
99	2	2.0
100	2	2.0
101	2	2.0
102	7	2.0
103	3	2.0
104	2	2.0
105	1	2.0
106	2	2.0
107	6	2.0
108	1	2.0
109	1	2.0
110	3	2.0
111	3	2.0
112	4	2.0
113	5	2.0
114	1	2.0
115	2	2.0
116	2	2.0
117	10	2.0
118	3	2.0
119	13	2.0
120	13	2.0
121	13	2.0
122	1	2.0
123	19	2.0
124	2	2.0
125	8	2.0
126	1	2.0
127	4	2.0
128	1	2.0
129	9	2.0
130	2	2.0
131	24	2.0
132	7	2.0
133	1	2.0
134	8	2.0
135	4	2.0
136	4	2.0
137	1	2.0
138	4	2.0
139	1	2.0
140	2	2.0
141	9	2.0
142	19	2.0
143	2	2.0
144	1	2.0
145	1	2.0
146	1	2.0
147	1	2.0
148	1	2.0
149	1	2.0
150	4	2.0
151	1	2.0
152	2	2.0
153	1	2.0
154	4	2.0
155	4	2.0
156	4	2.0
157	3	2.0
158	4	2.0
159	1	2.0
160	6	2.0
161	3	2.0
162	2	2.0
163	4	2.0
164	1	2.0
165	1	2.0
166	2	2.0
167	4	2.0
168	4	2.0
169	6	2.0
170	1	2.0
171	2	2.0
172	2	2.0
173	3	2.0
174	1	2.0
175	2	2.0
176	1	2.0
177	2	2.0
178	2	2.0
179	2	2.0
180	1	2.0
181	3	2.0
182	2	2.0
183	6	2.0
184	8	2.0
185	1	2.0
186	1	2.0
187	2	2.0
188	1	2.0
189	7	2.0
190	7	2.0
191	1	2.0
192	1	2.0
193	3	2.0
194	2	2.0
195	2	2.0
196	2	2.0
197	1	2.0
198	6	2.0
199	1	2.0
200	3	2.0
201	6	2.0
202	1	2.0
203	5	2.0
204	3	2.0
205	2	2.0
206	2	2.0
207	3	2.0
208	4	2.0
209	5	2.0
210	16	2.0
211	4	2.0
212	2	2.0
213	1	2.0
214	2	2.0
215	1	2.0
216	4	2.0
217	6	2.0
218	2	2.0
219	4	2.0
220	5	2.0
221	4	2.0
222	2	2.0
223	2	2.0
224	2	2.0
225	6	2.0
226	9	2.0
227	2	2.0
228	3	2.0
229	5	2.0
230	9	2.0
231	1	2.0
232	1	2.0
233	3	2.0
234	1	2.0
235	2	2.0
236	2	2.0
237	1	2.0
238	5	2.0
239	3	2.0
240	2	2.0
241	5	2.0
242	5	2.0
243	1	2.0
244	1	2.0
245	2	2.0
246	6	2.0
247	4	2.0
248	1	2.0
249	4	2.0
250	4	2.0
251	3	2.0
252	2	2.0
253	4	2.0
254	3	2.0
255	3	2.0
256	3	2.0
257	1	2.0
258	5	2.0
259	5	2.0
260	3	2.0
261	5	2.0
262	2	2.0
263	5	2.0
264	12	2.0
265	2	2.0
266	1	2.0
267	4	2.0
268	1	2.0
269	2	2.0
270	3	2.0
271	2	2.0
272	3	2.0
273	5	2.0
274	2	2.0
275	2	2.0
276	2	2.0
277	3	2.0
278	11	2.0
279	1	2.0
280	1	2.0
281	18	2.0
282	15	2.0
283	8	2.0
284	3	2.0
285	7	2.0
286	1	2.0
287	3	2.0
288	6	2.0
289	1	2.0
290	1	2.0
291	11	2.0
292	1	2.0
293	2	2.0
294	11	2.0
295	3	2.0
296	3	2.0
297	11	2.0
298	1	2.0
299	17	2.0
300	6	2.0
301	23	2.0
302	2	2.0
303	29	2.0
304	7	2.0
305	1	2.0
306	1	2.0
307	11	2.0
308	4	2.0
309	5	2.0
310	4	2.0
311	1	2.0
312	7	2.0
313	8	2.0
314	4	2.0
315	2	2.0
316	1	2.0
317	1	2.0
318	7	2.0
319	4	2.0
320	10	2.0
321	2	2.0
322	4	2.0
323	1	2.0
324	1	2.0
325	2	2.0
326	4	2.0
327	4	2.0
328	2	2.0
329	1	2.0
330	4	2.0
331	2	2.0
332	1	2.0
333	13	2.0
334	2	2.0
335	1	2.0
336	5	2.0
337	8	2.0
338	5	2.0
339	6	2.0
340	5	2.0
341	1	2.0
342	5	2.0
343	6	2.0
344	3	2.0
345	2	2.0
346	15	2.0
347	1	2.0
348	1	2.0
349	2	2.0
350	3	2.0
351	8	2.0
352	1	2.0
353	1	2.0
354	6	2.0
355	5	2.0
356	4	2.0
357	1	2.0
358	11	2.0
359	8	2.0
360	1	2.0
361	6	2.0
362	2	2.0
363	1	2.0
364	1	2.0
365	10	2.0
366	9	2.0
367	1	2.0
368	1	2.0
369	1	2.0
370	1	2.0
371	9	2.0
372	5	2.0
373	12	2.0
374	26	2.0
375	5	2.0
376	1	2.0
377	11	2.0
378	2	2.0
379	5	2.0
380	4	2.0
381	8	2.0
382	1	2.0
383	3	2.0
384	2	2.0
385	1	2.0
386	1	2.0
387	2	2.0
388	10	2.0
389	3	2.0
390	15	2.0
391	2	2.0
392	1	2.0
393	1	2.0
394	3	2.0
395	2	2.0
396	7	2.0
397	3	2.0
398	2	2.0
399	2	2.0
400	6	2.0
401	6	2.0
402	4	2.0
403	2	2.0
404	5	2.0
405	5	2.0
406	7	2.0
407	1	2.0
408	5	2.0
409	16	2.0
410	8	2.0
411	4	2.0
412	3	2.0
413	3	2.0
414	1	2.0
415	1	2.0
416	1	2.0
417	4	2.0
418	3	2.0
419	1	2.0
420	5	2.0
421	5	2.0
422	26	2.0
423	10	2.0
424	7	2.0
425	7	2.0
426	1	2.0
427	10	2.0
428	5	2.0
429	15	2.0
430	3	2.0
431	1	2.0
432	7	2.0
433	4	2.0
434	5	2.0
435	3	2.0
436	4	2.0
437	7	2.0
438	3	2.0
439	1	2.0
440	1	2.0
441	2	2.0
442	1	2.0
443	3	2.0
444	7	2.0
445	2	2.0
446	3	2.0
447	3	2.0
448	1	2.0
449	4	2.0
450	3	2.0
451	4	2.0
452	5	2.0
453	2	2.0
454	8	2.0
455	1	2.0
456	4	2.0
457	3	2.0
458	20	2.0
459	5	2.0
460	20	2.0
461	2	2.0
462	1	2.0
463	1	2.0
464	3	2.0
465	3	2.0
466	4	2.0
467	4	2.0
468	27	2.0
469	7	2.0
470	1	2.0
471	2	2.0
472	15	2.0
473	2	2.0
474	3	2.0
475	9	2.0
476	8	2.0
477	2	2.0
478	1	2.0
479	1	2.0
480	6	2.0
481	3	2.0
482	2	2.0
483	1	2.0
484	2	2.0
485	2	2.0
486	1	2.0
487	1	2.0
488	1	2.0
489	2	2.0
490	4	2.0
491	1	2.0
492	1	2.0
493	2	2.0
494	3	2.0
495	1	2.0
496	4	2.0
497	4	2.0
498	1	2.0
499	1	2.0
500	1	2.0
501	1	2.0
502	1	2.0
503	1	2.0
504	2	2.0
505	3	2.0
506	1	2.0
507	2	2.0
508	1	2.0
509	3	2.0
510	4	2.0
511	2	2.0
512	1	2.0
513	2	2.0
514	1	2.0
515	2	2.0
516	11	2.0
517	1	2.0
518	9	2.0
519	4	2.0
520	4	2.0
521	2	2.0
522	4	2.0
523	2	2.0
524	5	2.0
525	10	2.0
526	2	2.0
527	1	2.0
528	10	2.0
529	13	2.0
530	2	2.0
531	2	2.0
532	4	2.0
533	5	2.0
534	1	2.0
535	5	2.0
536	3	2.0
537	15	2.0
538	7	2.0
539	7	2.0
540	4	2.0
541	8	2.0
542	2	2.0
543	2	2.0
544	2	2.0
545	22	2.0
546	2	2.0
547	2	2.0
548	2	2.0
549	2	2.0
550	7	2.0
551	1	2.0
552	4	2.0
553	1	2.0
554	1	2.0
555	3	2.0
556	2	2.0
557	8	2.0
558	6	2.0
559	2	2.0
560	2	2.0
561	5	2.0
562	2	2.0
563	1	2.0
564	1	2.0
565	1	2.0
566	3	2.0
567	2	2.0
568	3	2.0
569	3	2.0
570	1	2.0
571	3	2.0
572	6	2.0
573	2	2.0
574	1	2.0
575	7	2.0
576	3	2.0
577	3	2.0
578	3	2.0
579	2	2.0
580	2	2.0
581	1	2.0
582	2	2.0
583	3	2.0
584	2	2.0
585	1	2.0
586	1	2.0
587	4	2.0
588	5	2.0
589	1	2.0
590	1	2.0
591	5	2.0
592	11	2.0
593	5	2.0
594	4	2.0
595	11	2.0
596	1	2.0
597	2	2.0
598	2	2.0
599	4	2.0
600	4	2.0
601	1	2.0
602	2	2.0
603	2	2.0
604	2	2.0
605	2	2.0
606	1	2.0
607	1	2.0
608	7	2.0
609	3	2.0
610	3	2.0
611	1	2.0
612	4	2.0
613	2	2.0
614	1	2.0
615	2	2.0
616	2	2.0
617	1	2.0
618	1	2.0
619	3	2.0
620	2	2.0
621	2	2.0
622	1	2.0
623	3	2.0
624	2	2.0
625	2	2.0
626	2	2.0
627	4	2.0
628	3	2.0
629	8	2.0
630	1	2.0
631	3	2.0
632	8	2.0
633	14	2.0
634	1	2.0
635	8	2.0
636	5	2.0
637	3	2.0
638	1	2.0
639	1	2.0
640	3	2.0
641	11	2.0
642	2	2.0
643	8	2.0
644	2	2.0
645	8	2.0
646	3	2.0
647	7	2.0
648	6	2.0
649	5	2.0
650	1	2.0
651	5	2.0
652	2	2.0
653	8	2.0
654	1	2.0
655	1	2.0
656	3	2.0
657	1	2.0
658	2	2.0
659	17	2.0
660	4	2.0
661	2	2.0
662	2	2.0
663	1	2.0
664	3	2.0
665	2	2.0
666	4	2.0
667	1	2.0
668	3	2.0
669	2	2.0
670	7	2.0
671	3	2.0
672	1	2.0
673	2	2.0
674	1	2.0
675	3	2.0
676	2	2.0
677	3	2.0
678	1	2.0
679	7	2.0
680	5	2.0
681	2	2.0
682	2	2.0
683	2	2.0
684	1	2.0
685	7	2.0
686	1	2.0
687	7	2.0
688	4	2.0
689	8	2.0
690	2	2.0
691	1	2.0
692	3	2.0
693	3	2.0
694	19	2.0
695	1	2.0
696	3	2.0
697	1	2.0
698	3	2.0
699	1	2.0
700	7	2.0
701	1	2.0
702	4	2.0
703	7	2.0
704	2	2.0
705	2	2.0
706	5	2.0
707	1	2.0
708	3	2.0
709	1	2.0
710	9	2.0
711	2	2.0
712	1	2.0
713	5	2.0
714	5	2.0
715	1	2.0
716	5	2.0
717	5	2.0
718	1	2.0
719	2	2.0
720	4	2.0
721	9	2.0
722	4	2.0
723	2	2.0
724	2	2.0
725	1	2.0
726	2	2.0
727	5	2.0
728	1	2.0
729	2	2.0
730	1	2.0
731	1	2.0
732	3	2.0
733	1	2.0
734	1	2.0
735	3	2.0
736	1	2.0
737	3	2.0
738	5	2.0
739	1	2.0
740	1	2.0
741	1	2.0
742	2	2.0
743	1	2.0
744	1	2.0
745	1	2.0
746	1	2.0
747	1	2.0
748	4	2.0
749	1	2.0
750	1	2.0
751	1	2.0
752	1	2.0
753	5	2.0
754	1	2.0
755	6	2.0
756	6	2.0
757	4	2.0
758	1	2.0
759	1	2.0
760	2	2.0
761	2	2.0
762	1	2.0
763	1	2.0
764	1	2.0
765	5	2.0
766	2	2.0
767	1	2.0
768	1	2.0
769	2	2.0
770	1	2.0
771	4	2.0
772	5	2.0
773	1	2.0
774	4	2.0
775	2	2.0
776	1	2.0
777	2	2.0
778	2	2.0
779	1	2.0
780	1	2.0
781	3	2.0
782	2	2.0
783	1	2.0
784	3	2.0
785	8	2.0
786	17	2.0
787	3	2.0
788	3	2.0
789	1	2.0
790	11	2.0
791	1	2.0
792	3	2.0
793	5	2.0
794	15	2.0
795	5	2.0
796	4	2.0
797	3	2.0
798	4	2.0
799	6	2.0
800	1	2.0
801	1	2.0
802	4	2.0
803	8	2.0
804	5	2.0
805	4	2.0
806	1	2.0
807	2	2.0
808	1	2.0
809	5	2.0
810	4	2.0
811	12	2.0
812	1	2.0
813	1	2.0
814	1	2.0
815	5	2.0
816	2	2.0
817	1	2.0
818	13	2.0
819	3	2.0
820	1	2.0
821	1	2.0
822	1	2.0
823	1	2.0
824	7	2.0
825	4	2.0
826	2	2.0
827	2	2.0
828	2	2.0
829	2	2.0
830	1	2.0
831	2	2.0
832	5	2.0
833	1	2.0
834	1	2.0
835	11	2.0
836	1	2.0
837	1	2.0
838	8	2.0
839	5	2.0
840	2	2.0
841	3	2.0
842	1	2.0
843	9	2.0
844	8	2.0
845	2	2.0
846	1	2.0
847	1	2.0
848	1	2.0
849	1	2.0
850	1	2.0
851	1	2.0
852	1	2.0
853	1	2.0
854	1	2.0
855	1	2.0
856	1	2.0
857	2	2.0
858	9	2.0
859	1	2.0
860	1	2.0
861	4	2.0
862	2	2.0
863	9	2.0
864	4	2.0
865	4	2.0
866	1	2.0
867	1	2.0
868	1	2.0
869	8	2.0
870	3	2.0
871	3	2.0
872	3	2.0
873	2	2.0
874	1	2.0
875	5	2.0
876	5	2.0
877	1	2.0
878	15	2.0
879	2	2.0
880	2	2.0
881	1	2.0
882	2	2.0
883	4	2.0
884	1	2.0
885	1	2.0
886	2	2.0
887	1	2.0
888	1	2.0
889	1	2.0
890	29	2.0
891	3	2.0
892	4	2.0
893	1	2.0
894	1	2.0
895	4	2.0
896	2	2.0
897	1	2.0
898	2	2.0
899	5	2.0
900	9	2.0
901	3	2.0
902	1	2.0
903	1	2.0
904	4	2.0
905	1	2.0
906	3	2.0
907	3	2.0
908	13	2.0
909	2	2.0
910	1	2.0
911	6	2.0
912	8	2.0
913	12	2.0
914	5	2.0
915	3	2.0
916	4	2.0
917	1	2.0
918	2	2.0
919	2	2.0
920	1	2.0
921	2	2.0
922	5	2.0
923	2	2.0
924	1	2.0
925	1	2.0
926	1	2.0
927	2	2.0
928	3	2.0
929	1	2.0
930	4	2.0
931	4	2.0
932	3	2.0
933	3	2.0
934	4	2.0
935	8	2.0
936	1	2.0
937	8	2.0
938	2	2.0
939	7	2.0
940	6	2.0
941	10	2.0
942	5	2.0
943	5	2.0
944	2	2.0
945	1	2.0
946	1	2.0
947	4	2.0
948	4	2.0
949	1	2.0
950	1	2.0
951	1	2.0
952	2	2.0
953	4	2.0
954	6	2.0
955	8	2.0
956	5	2.0
957	14	2.0
958	7	2.0
959	2	2.0
960	3	2.0
961	14	2.0
962	5	2.0
963	2	2.0
964	1	2.0
965	2	2.0
966	2	2.0
967	6	2.0
968	7	2.0
969	3	2.0
970	2	2.0
971	4	2.0
972	6	2.0
973	9	2.0
974	1	2.0
975	2	2.0
976	4	2.0
977	1	2.0
978	12	2.0
979	1	2.0
980	2	2.0
981	11	2.0
982	1	2.0
983	3	2.0
984	2	2.0
985	5	2.0
986	2	2.0
987	4	2.0
988	10	2.0
989	5	2.0
990	15	2.0
991	7	2.0
992	8	2.0
993	9	2.0
994	4	2.0
995	1	2.0
996	1	2.0
997	2	2.0
998	2	2.0
999	1	2.0
1000	3	2.0
1001	1	2.0
1002	1	2.0
1003	8	2.0
1004	2	2.0
1005	5	2.0
1006	1	2.0
1007	2	2.0
1008	4	2.0
1009	2	2.0
1010	6	2.0
1011	18	2.0
1012	14	2.0
1013	11	2.0
1014	3	2.0
1015	4	2.0
1016	3	2.0
1017	5	2.0
1018	3	2.0
1019	6	2.0
1020	2	2.0
1021	11	2.0
1022	4	2.0
1023	5	2.0
1024	3	2.0
1025	1	2.0
1026	1	2.0
1027	9	2.0
1028	1	2.0
1029	2	2.0
1030	5	2.0
1031	4	2.0
1032	7	2.0
1033	3	2.0
1034	1	2.0
1035	3	2.0
1036	1	2.0
1037	4	2.0
1038	2	2.0
1039	7	2.0
1040	3	2.0
1041	9	2.0
1042	1	2.0
1043	4	2.0
1044	4	2.0
1045	4	2.0
1046	5	2.0
1047	1	2.0
1048	1	2.0
1049	10	2.0
1050	1	2.0
1051	6	2.0
1052	1	2.0
1053	6	2.0
1054	10	2.0
1055	2	2.0
1056	7	2.0
1057	1	2.0
1058	4	2.0
1059	6	2.0
1060	3	2.0
1061	5	2.0
1062	3	2.0
1063	11	2.0
1064	7	2.0
1065	7	2.0
1066	2	2.0
1067	6	2.0
1068	6	2.0
1069	8	2.0
1070	1	2.0
1071	1	2.0
1072	1	2.0
1073	7	2.0
1074	5	2.0
1075	3	2.0
1076	5	2.0
1077	11	2.0
1078	3	2.0
1079	1	2.0
1080	3	2.0
1081	1	2.0
1082	8	2.0
1083	1	2.0
1084	2	2.0
1085	2	2.0
1086	6	2.0
1087	6	2.0
1088	7	2.0
1089	2	2.0
1090	3	2.0
1091	1	2.0
1092	1	2.0
1093	11	2.0
1094	2	2.0
1095	1	2.0
1096	2	2.0
1097	3	2.0
1098	1	2.0
1099	7	2.0
1100	2	2.0
1101	1	2.0
1102	2	2.0
1103	6	2.0
1104	3	2.0
1105	1	2.0
1106	24	2.0
1107	5	2.0
1108	12	2.0
1109	7	2.0
1110	19	2.0
1111	8	2.0
1112	2	2.0
1113	8	2.0
1114	7	2.0
1115	1	2.0
1116	5	2.0
1117	9	2.0
1118	1	2.0
1119	26	2.0
1120	3	2.0
1121	8	2.0
1122	2	2.0
1123	12	2.0
1124	1	2.0
1125	1	2.0
1126	1	2.0
1127	1	2.0
1128	1	2.0
1129	3	2.0
1130	3	2.0
1131	4	2.0
1132	2	2.0
1133	12	2.0
1134	6	2.0
1135	1	2.0
1136	8	2.0
1137	1	2.0
1138	5	2.0
1139	1	2.0
1140	6	2.0
1141	24	2.0
1142	3	2.0
1143	4	2.0
1144	1	2.0
1145	2	2.0
1146	3	2.0
1147	3	2.0
1148	4	2.0
1149	20	2.0
1150	1	2.0
1151	13	2.0
1152	4	2.0
1153	2	2.0
1154	3	2.0
1155	7	2.0
1156	7	2.0
1157	10	2.0
1158	4	2.0
1159	3	2.0
1160	13	2.0
1161	8	2.0
1162	1	2.0
1163	5	2.0
1164	2	2.0
1165	4	2.0
1166	2	2.0
1167	10	2.0
1168	8	2.0
1169	6	2.0
1170	4	2.0
1171	21	2.0
1172	13	2.0
1173	1	2.0
1174	1	2.0
1175	2	2.0
1176	11	2.0
1177	4	2.0
1178	1	2.0
1179	1	2.0
1180	6	2.0
1181	6	2.0
1182	1	2.0
1183	3	2.0
1184	8	2.0
1185	4	2.0
1186	2	2.0
1187	3	2.0
1188	14	2.0
1189	9	2.0
1190	4	2.0
1191	8	2.0
1192	1	2.0
1193	2	2.0
1194	8	2.0
1195	2	2.0
1196	9	2.0
1197	1	2.0
1198	3	2.0
1199	8	2.0
1200	10	2.0
1201	5	2.0
1202	3	2.0
1203	1	2.0
1204	1	2.0
1205	3	2.0
1206	7	2.0
1207	6	2.0
1208	4	2.0
1209	2	2.0
1210	2	2.0
1211	1	2.0
1212	5	2.0
1213	2	2.0
1214	1	2.0
1215	1	2.0
1216	3	2.0
1217	1	2.0
1218	5	2.0
1219	1	2.0
1220	2	2.0
1221	1	2.0
1222	1	2.0
1223	7	2.0
1224	20	2.0
1225	3	2.0
1226	1	2.0
1227	9	2.0
1228	6	2.0
1229	1	2.0
1230	9	2.0
1231	1	2.0
1232	2	2.0
1233	2	2.0
1234	6	2.0
1235	4	2.0
1236	4	2.0
1237	8	2.0
1238	8	2.0
1239	12	2.0
1240	4	2.0
1241	4	2.0
1242	13	2.0
1243	2	2.0
1244	18	2.0
1245	3	2.0
1246	5	2.0
1247	7	2.0
1248	4	2.0
1249	3	2.0
1250	1	2.0
1251	1	2.0
1252	14	2.0
1253	2	2.0
1254	8	2.0
1255	2	2.0
1256	6	2.0
1257	5	2.0
1258	3	2.0
1259	20	2.0
1260	6	2.0
1261	1	2.0
1262	8	2.0
1263	4	2.0
1264	4	2.0
1265	1	2.0
1266	1	2.0
1267	5	2.0
1268	2	2.0
1269	2	2.0
1270	2	2.0
1271	1	2.0
1272	2	2.0
1273	1	2.0
1274	2	2.0
1275	6	2.0
1276	3	2.0
1277	3	2.0
1278	11	2.0
1279	2	2.0
1280	3	2.0
1281	4	2.0
1282	3	2.0
1283	1	2.0
1284	1	2.0
1285	3	2.0
1286	2	2.0
1287	5	2.0
1288	1	2.0
1289	8	2.0
1290	5	2.0
1291	26	2.0
1292	2	2.0
1293	2	2.0
1294	2	2.0
1295	2	2.0
1296	11	2.0
1297	2	2.0
1298	15	2.0
1299	5	2.0
1300	8	2.0
1301	1	2.0
1302	15	2.0
1303	11	2.0
1304	6	2.0
1305	7	2.0
1306	3	2.0
1307	1	2.0
1308	4	2.0
1309	12	2.0
1310	3	2.0
1311	6	2.0
1312	2	2.0
1313	9	2.0
1314	5	2.0
1315	1	2.0
1316	5	2.0
1317	11	2.0
1318	5	2.0
1319	2	2.0
1320	2	2.0
1321	2	2.0
1322	3	2.0
1323	11	2.0
1324	12	2.0
1325	4	2.0
1326	6	2.0
1327	1	2.0
1328	24	2.0
1329	2	2.0
1330	21	2.0
1331	3	2.0
1332	5	2.0
1333	8	2.0
1334	87	2.0
1335	1	2.0
1336	9	2.0
1337	11	2.0
1338	4	2.0
1339	6	2.0
1340	3	2.0
1341	5	2.0
1342	24	2.0
1343	7	2.0
1344	3	2.0
1345	8	2.0
1346	4	2.0
1347	4	2.0
1348	2	2.0
1349	1	2.0
1350	4	2.0
1351	1	2.0
1352	8	2.0
1353	3	2.0
1354	3	2.0
1355	2	2.0
1356	1	2.0
1357	5	2.0
1358	5	2.0
1359	4	2.0
1360	2	2.0
1361	3	2.0
1	3	2.0
2	2	2.0
3	1	2.0
4	1	2.0
5	2	2.0
6	1	2.0
7	5	2.0
8	2	2.0
9	2	2.0
10	1	2.0
11	2	2.0
12	1	2.0
13	4	2.0
14	1	2.0
15	2	2.0
16	1	2.0
17	2	2.0
18	2	2.0
19	2	2.0
20	3	2.0
21	2	2.0
22	1	2.0
23	12	2.0
24	2	2.0
25	25	2.0
26	12	2.0
27	5	2.0
28	6	2.0
29	1	2.0
30	3	2.0
31	4	2.0
32	1	2.0
33	4	2.0
34	4	2.0
35	8	2.0
36	3	2.0
37	5	2.0
38	9	2.0
39	1	2.0
40	1	2.0
41	6	2.0
42	2	2.0
43	9	2.0
44	2	2.0
45	7	2.0
46	4	2.0
47	2	2.0
48	1	2.0
49	9	2.0
50	1	2.0
51	7	2.0
52	1	2.0
53	1	2.0
54	5	2.0
55	3	2.0
56	1	2.0
57	10	2.0
58	2	2.0
59	4	2.0
60	1	2.0
61	1	2.0
62	2	2.0
63	1	2.0
64	1	2.0
65	1	2.0
66	1	2.0
67	1	2.0
68	1	2.0
69	7	2.0
70	3	2.0
71	14	2.0
72	1	2.0
73	1	2.0
74	2	2.0
75	1	2.0
76	1	2.0
77	3	2.0
78	2	2.0
79	1	2.0
80	2	2.0
81	2	2.0
82	3	2.0
83	6	2.0
84	1	2.0
85	4	2.0
86	1	2.0
87	2	2.0
88	1	2.0
89	1	2.0
90	7	2.0
91	2	2.0
92	5	2.0
93	7	2.0
94	1	2.0
95	4	2.0
96	15	2.0
97	6	2.0
98	5	2.0
99	2	2.0
100	10	2.0
101	4	2.0
102	1	2.0
103	2	2.0
104	2	2.0
105	6	2.0
106	1	2.0
107	5	2.0
108	2	2.0
109	20	2.0
110	3	2.0
111	3	2.0
112	19	2.0
113	5	2.0
114	4	2.0
115	10	2.0
116	1	2.0
117	3	2.0
118	2	2.0
119	6	2.0
120	9	2.0
121	10	2.0
122	5	2.0
123	6	2.0
124	6	2.0
125	7	2.0
126	10	2.0
127	5	2.0
128	31	2.0
129	6	2.0
130	8	2.0
131	1	2.0
132	2	2.0
133	26	2.0
134	20	2.0
135	32	2.0
136	14	2.0
137	19	2.0
138	1	2.0
139	19	2.0
140	18	2.0
141	14	2.0
142	10	2.0
143	3	2.0
144	20	2.0
145	2	2.0
146	2	2.0
147	2	2.0
148	1	2.0
149	7	2.0
150	2	2.0
151	3	2.0
152	5	2.0
153	2	2.0
154	4	2.0
155	3	2.0
156	3	2.0
157	1	2.0
158	1	2.0
159	3	2.0
160	2	2.0
161	4	2.0
162	3	2.0
163	6	2.0
164	4	2.0
165	3	2.0
166	4	2.0
167	4	2.0
168	2	2.0
169	3	2.0
170	12	2.0
171	1	2.0
172	7	2.0
173	3	2.0
174	4	2.0
175	1	2.0
176	5	2.0
177	3	2.0
178	3	2.0
179	6	2.0
180	1	2.0
181	3	2.0
182	2	2.0
183	2	2.0
184	2	2.0
185	2	2.0
186	4	2.0
187	1	2.0
188	1	2.0
189	6	2.0
190	5	2.0
191	2	2.0
192	9	2.0
193	2	2.0
194	2	2.0
195	1	2.0
196	2	2.0
197	1	2.0
198	1	2.0
199	12	2.0
200	3	2.0
201	4	2.0
202	15	2.0
203	4	2.0
204	13	2.0
205	22	2.0
206	2	2.0
207	9	2.0
208	6	2.0
209	2	2.0
210	1	2.0
211	2	2.0
212	1	2.0
213	10	2.0
214	5	2.0
215	8	2.0
216	11	2.0
217	9	2.0
218	5	2.0
219	3	2.0
220	10	2.0
221	5	2.0
222	6	2.0
223	9	2.0
224	1	2.0
225	6	2.0
226	7	2.0
227	14	2.0
228	13	2.0
229	2	2.0
230	5	2.0
231	1	2.0
232	1	2.0
233	5	2.0
234	4	2.0
235	3	2.0
236	1	2.0
237	4	2.0
238	9	2.0
239	6	2.0
240	1	2.0
241	2	2.0
242	1	2.0
243	2	2.0
244	5	2.0
245	1	2.0
246	1	2.0
247	2	2.0
248	8	2.0
249	7	2.0
250	3	2.0
251	10	2.0
252	1	2.0
253	1	2.0
254	3	2.0
255	1	2.0
256	7	2.0
257	2	2.0
258	1	2.0
259	1	2.0
260	3	2.0
261	5	2.0
262	1	2.0
263	1	2.0
264	6	2.0
265	11	2.0
266	12	2.0
267	7	2.0
268	2	2.0
269	1	2.0
270	15	2.0
271	3	2.0
272	12	2.0
273	3	2.0
274	7	2.0
275	13	2.0
276	2	2.0
277	5	2.0
278	7	2.0
279	5	2.0
280	3	2.0
281	3	2.0
282	3	2.0
283	2	2.0
284	9	2.0
285	3	2.0
286	8	2.0
287	4	2.0
288	4	2.0
289	6	2.0
290	3	2.0
291	2	2.0
1	3	2.0
2	1	2.0
3	1	2.0
4	2	2.0
5	1	2.0
6	1	2.0
7	3	2.0
8	1	2.0
9	1	2.0
10	3	2.0
11	3	2.0
12	1	2.0
13	1	2.0
14	1	2.0
15	3	2.0
16	2	2.0
17	4	2.0
18	2	2.0
19	1	2.0
20	1	2.0
21	3	2.0
22	4	2.0
23	2	2.0
24	1	2.0
25	3	2.0
26	10	2.0
27	3	2.0
28	6	2.0
29	1	2.0
30	4	2.0
31	1	2.0
32	1	2.0
33	2	2.0
34	5	2.0
35	1	2.0
36	7	2.0
37	6	2.0
38	6	2.0
39	1	2.0
40	1	2.0
41	1	2.0
42	1	2.0
43	2	2.0
44	1	2.0
45	3	2.0
46	5	2.0
47	2	2.0
48	2	2.0
49	1	2.0
50	6	2.0
51	9	2.0
52	1	2.0
53	8	2.0
54	1	2.0
55	4	2.0
56	2	2.0
57	1	2.0
58	2	2.0
59	1	2.0
60	3	2.0
61	2	2.0
62	4	2.0
63	1	2.0
64	1	2.0
65	5	2.0
66	1	2.0
67	6	2.0
68	2	2.0
69	6	2.0
70	3	2.0
71	1	2.0
72	2	2.0
73	2	2.0
74	5	2.0
75	1	2.0
76	1	2.0
77	1	2.0
78	3	2.0
79	1	2.0
80	5	2.0
81	1	2.0
82	2	2.0
83	1	2.0
84	3	2.0
85	2	2.0
86	2	2.0
87	1	2.0
88	2	2.0
89	3	2.0
90	2	2.0
91	5	2.0
92	1	2.0
93	2	2.0
94	1	2.0
95	2	2.0
96	1	2.0
97	3	2.0
98	1	2.0
99	2	2.0
100	2	2.0
101	6	2.0
102	3	2.0
103	1	2.0
104	2	2.0
105	6	2.0
106	3	2.0
107	2	2.0
108	4	2.0
109	1	2.0
110	2	2.0
111	1	2.0
112	1	2.0
113	1	2.0
114	1	2.0
115	2	2.0
116	5	2.0
117	1	2.0
118	2	2.0
119	1	2.0
120	1	2.0
121	1	2.0
122	2	2.0
123	5	2.0
124	1	2.0
125	2	2.0
126	4	2.0
127	1	2.0
128	2	2.0
129	2	2.0
130	5	2.0
131	5	2.0
132	8	2.0
133	1	2.0
134	2	2.0
135	1	2.0
136	2	2.0
137	1	2.0
138	3	2.0
139	1	2.0
140	11	2.0
141	3	2.0
142	3	2.0
143	2	2.0
144	1	2.0
145	2	2.0
146	2	2.0
147	1	2.0
148	1	2.0
149	4	2.0
150	7	2.0
151	1	2.0
152	3	2.0
153	1	2.0
154	3	2.0
155	4	2.0
156	1	2.0
157	2	2.0
158	2	2.0
159	4	2.0
160	1	2.0
161	6	2.0
162	1	2.0
163	1	2.0
164	1	2.0
165	1	2.0
166	1	2.0
167	1	2.0
168	7	2.0
169	3	2.0
170	6	2.0
171	5	2.0
172	1	2.0
173	8	2.0
174	2	2.0
175	1	2.0
176	1	2.0
177	5	2.0
178	1	2.0
179	2	2.0
180	1	2.0
181	2	2.0
182	3	2.0
183	5	2.0
184	5	2.0
185	4	2.0
186	2	2.0
187	11	2.0
188	9	2.0
189	1	2.0
190	3	2.0
191	4	2.0
192	2	2.0
193	3	2.0
194	8	2.0
195	1	2.0
196	9	2.0
197	5	2.0
198	3	2.0
199	1	2.0
200	1	2.0
201	5	2.0
202	4	2.0
203	3	2.0
204	2	2.0
205	1	2.0
206	2	2.0
207	1	2.0
208	4	2.0
209	1	2.0
210	2	2.0
211	2	2.0
212	1	2.0
213	1	2.0
214	3	2.0
215	4	2.0
216	3	2.0
217	2	2.0
218	4	2.0
219	1	2.0
220	3	2.0
221	1	2.0
222	1	2.0
223	1	2.0
224	13	2.0
225	3	2.0
226	6	2.0
227	2	2.0
228	10	2.0
229	16	2.0
230	6	2.0
231	3	2.0
232	1	2.0
233	1	2.0
234	1	2.0
235	2	2.0
236	2	2.0
237	2	2.0
238	3	2.0
239	9	2.0
240	1	2.0
241	2	2.0
242	4	2.0
243	3	2.0
244	1	2.0
245	2	2.0
246	1	2.0
247	12	2.0
248	7	2.0
249	2	2.0
250	2	2.0
251	5	2.0
252	5	2.0
253	1	2.0
254	3	2.0
255	1	2.0
256	2	2.0
257	1	2.0
258	8	2.0
1	2	2.0
2	3	2.0
3	1	2.0
4	1	2.0
5	1	2.0
6	1	2.0
7	2	2.0
8	1	2.0
9	1	2.0
10	1	2.0
11	1	2.0
12	1	2.0
13	3	2.0
14	5	2.0
15	1	2.0
16	2	2.0
17	3	2.0
18	2	2.0
19	1	2.0
20	1	2.0
21	6	2.0
22	2	2.0
23	1	2.0
24	8	2.0
25	5	2.0
26	1	2.0
27	2	2.0
28	21	2.0
29	9	2.0
30	2	2.0
31	8	2.0
32	3	2.0
33	6	2.0
34	5	2.0
35	26	2.0
36	12	2.0
37	4	2.0
38	11	2.0
39	1	2.0
40	1	2.0
41	6	2.0
42	3	2.0
43	3	2.0
44	4	2.0
45	6	2.0
46	1	2.0
47	3	2.0
48	1	2.0
49	3	2.0
50	3	2.0
51	2	2.0
52	3	2.0
53	2	2.0
54	2	2.0
55	1	2.0
56	8	2.0
57	8	2.0
58	1	2.0
59	9	2.0
60	1	2.0
61	11	2.0
62	3	2.0
63	3	2.0
64	2	2.0
65	2	2.0
66	1	2.0
67	5	2.0
68	1	2.0
69	4	2.0
70	2	2.0
71	2	2.0
72	1	2.0
73	5	2.0
74	1	2.0
75	4	2.0
76	2	2.0
77	3	2.0
78	3	2.0
79	1	2.0
80	2	2.0
81	2	2.0
82	1	2.0
83	2	2.0
84	3	2.0
85	1	2.0
86	2	2.0
87	1	2.0
88	2	2.0
89	1	2.0
90	1	2.0
91	2	2.0
92	1	2.0
93	3	2.0
94	2	2.0
95	5	2.0
96	1	2.0
97	6	2.0
98	2	2.0
99	1	2.0
100	1	2.0
101	7	2.0
102	1	2.0
103	5	2.0
104	3	2.0
105	3	2.0
106	3	2.0
107	1	2.0
108	2	2.0
109	1	2.0
110	12	2.0
111	1	2.0
112	2	2.0
113	1	2.0
114	2	2.0
115	1	2.0
116	2	2.0
117	1	2.0
118	3	2.0
119	4	2.0
120	3	2.0
121	4	2.0
122	5	2.0
123	4	2.0
124	14	2.0
125	1	2.0
126	3	2.0
127	2	2.0
128	1	2.0
129	9	2.0
130	6	2.0
131	3	2.0
132	3	2.0
133	2	2.0
134	1	2.0
135	5	2.0
136	1	2.0
137	1	2.0
138	1	2.0
139	7	2.0
140	1	2.0
141	1	2.0
142	1	2.0
143	2	2.0
144	6	2.0
145	2	2.0
146	2	2.0
147	1	2.0
148	1	2.0
149	2	2.0
150	3	2.0
151	3	2.0
152	3	2.0
153	6	2.0
154	2	2.0
155	3	2.0
156	2	2.0
157	1	2.0
158	2	2.0
159	1	2.0
160	1	2.0
161	1	2.0
162	5	2.0
163	2	2.0
164	1	2.0
165	3	2.0
166	2	2.0
167	2	2.0
168	3	2.0
169	3	2.0
170	4	2.0
171	8	2.0
172	2	2.0
173	2	2.0
174	1	2.0
175	2	2.0
176	8	2.0
177	2	2.0
178	4	2.0
179	1	2.0
180	3	2.0
181	1	2.0
182	7	2.0
183	2	2.0
184	19	2.0
185	6	2.0
186	4	2.0
187	7	2.0
188	2	2.0
189	4	2.0
190	17	2.0
191	9	2.0
192	7	2.0
193	6	2.0
194	4	2.0
195	2	2.0
196	4	2.0
197	4	2.0
198	1	2.0
199	6	2.0
200	3	2.0
201	5	2.0
202	1	2.0
203	3	2.0
204	2	2.0
205	5	2.0
206	1	2.0
207	4	2.0
208	2	2.0
209	4	2.0
210	5	2.0
211	5	2.0
212	6	2.0
213	1	2.0
214	5	2.0
215	4	2.0
216	1	2.0
217	1	2.0
218	1	2.0
219	5	2.0
220	3	2.0
221	4	2.0
222	1	2.0
223	3	2.0
224	5	2.0
225	1	2.0
226	22	2.0
227	8	2.0
228	4	2.0
229	2	2.0
230	6	2.0
231	9	2.0
232	4	2.0
233	2	2.0
234	6	2.0
235	5	2.0
236	24	2.0
237	6	2.0
238	1	2.0
239	8	2.0
240	2	2.0
241	1	2.0
242	16	2.0
243	15	2.0
244	2	2.0
245	2	2.0
246	3	2.0
247	7	2.0
248	5	2.0
249	4	2.0
250	2	2.0
251	4	2.0
252	1	2.0
253	4	2.0
254	1	2.0
255	4	2.0
256	3	2.0
257	2	2.0
258	2	2.0
259	5	2.0
260	4	2.0
261	1	2.0
262	1	2.0
263	1	2.0
264	4	2.0
265	7	2.0
266	1	2.0
267	2	2.0
268	3	2.0
269	12	2.0
270	10	2.0
271	4	2.0
272	2	2.0
273	1	2.0
274	4	2.0
275	1	2.0
276	2	2.0
277	1	2.0
278	5	2.0
279	3	2.0
280	3	2.0
281	2	2.0
282	1	2.0
283	2	2.0
1	1	2.0
2	2	2.0
3	3	2.0
4	2	2.0
5	1	2.0
6	1	2.0
7	1	2.0
8	1	2.0
9	1	2.0
10	2	2.0
11	2	2.0
12	1	2.0
13	2	2.0
14	2	2.0
15	6	2.0
16	6	2.0
17	4	2.0
18	1	2.0
19	2	2.0
20	11	2.0
21	2	2.0
22	11	2.0
23	3	2.0
24	2	2.0
25	1	2.0
26	4	2.0
27	1	2.0
28	8	2.0
29	1	2.0
30	64	2.0
31	13	2.0
32	2	2.0
33	3	2.0
34	2	2.0
35	3	2.0
36	17	2.0
37	5	2.0
38	3	2.0
39	3	2.0
40	5	2.0
41	2	2.0
42	5	2.0
43	12	2.0
44	5	2.0
45	10	2.0
46	1	2.0
47	5	2.0
48	5	2.0
49	11	2.0
50	3	2.0
51	6	2.0
52	4	2.0
53	1	2.0
54	6	2.0
55	7	2.0
56	4	2.0
57	2	2.0
58	5	2.0
59	8	2.0
60	1	2.0
61	4	2.0
62	5	2.0
63	2	2.0
64	2	2.0
65	1	2.0
66	10	2.0
67	9	2.0
68	3	2.0
69	3	2.0
70	2	2.0
71	1	2.0
72	1	2.0
73	1	2.0
74	13	2.0
75	1	2.0
76	12	2.0
77	5	2.0
78	3	2.0
79	3	2.0
80	1	2.0
81	1	2.0
82	2	2.0
83	1	2.0
84	15	2.0
85	3	2.0
86	7	2.0
87	2	2.0
88	8	2.0
89	3	2.0
90	4	2.0
91	13	2.0
92	2	2.0
93	2	2.0
94	13	2.0
95	13	2.0
96	9	2.0
97	1	2.0
98	3	2.0
99	19	2.0
100	2	2.0
101	1	2.0
102	4	2.0
103	3	2.0
104	1	2.0
105	4	2.0
106	1	2.0
107	2	2.0
108	5	2.0
109	4	2.0
110	1	2.0
111	4	2.0
112	2	2.0
113	5	2.0
114	1	2.0
115	3	2.0
116	5	2.0
117	1	2.0
118	1	2.0
119	4	2.0
120	3	2.0
121	4	2.0
122	7	2.0
123	1	2.0
124	1	2.0
125	1	2.0
126	4	2.0
127	4	2.0
128	1	2.0
129	2	2.0
130	5	2.0
131	1	2.0
132	1	2.0
133	1	2.0
134	2	2.0
135	2	2.0
136	1	2.0
137	2	2.0
138	10	2.0
139	4	2.0
140	2	2.0
141	4	2.0
142	4	2.0
143	2	2.0
144	2	2.0
145	5	2.0
146	1	2.0
147	1	2.0
148	1	2.0
149	3	2.0
150	1	2.0
151	4	2.0
152	1	2.0
153	4	2.0
154	2	2.0
155	4	2.0
156	4	2.0
157	6	2.0
158	7	2.0
159	3	2.0
160	4	2.0
161	1	2.0
162	12	2.0
163	3	2.0
164	1	2.0
165	5	2.0
166	15	2.0
167	5	2.0
168	8	2.0
169	4	2.0
170	2	2.0
171	5	2.0
172	2	2.0
173	1	2.0
174	5	2.0
175	1	2.0
176	16	2.0
177	1	2.0
178	1	2.0
179	2	2.0
180	5	2.0
181	2	2.0
182	12	2.0
183	3	2.0
184	5	2.0
185	1	2.0
186	2	2.0
187	2	2.0
188	3	2.0
189	2	2.0
190	10	2.0
191	2	2.0
192	10	2.0
193	3	2.0
194	3	2.0
195	1	2.0
196	8	2.0
197	1	2.0
198	1	2.0
199	5	2.0
200	5	2.0
201	2	2.0
202	2	2.0
203	3	2.0
204	2	2.0
205	4	2.0
206	1	2.0
207	1	2.0
208	5	2.0
209	6	2.0
210	1	2.0
211	5	2.0
212	1	2.0
213	2	2.0
214	1	2.0
215	1	2.0
216	5	2.0
217	4	2.0
218	9	2.0
219	6	2.0
220	2	2.0
221	5	2.0
222	2	2.0
223	1	2.0
224	7	2.0
225	1	2.0
226	3	2.0
227	3	2.0
228	1	2.0
229	4	2.0
230	3	2.0
231	2	2.0
232	9	2.0
233	2	2.0
234	3	2.0
235	6	2.0
236	5	2.0
237	7	2.0
238	8	2.0
239	1	2.0
240	1	2.0
241	1	2.0
242	1	2.0
243	4	2.0
244	1	2.0
245	2	2.0
246	2	2.0
247	1	2.0
248	4	2.0
249	1	2.0
250	1	2.0
251	3	2.0
252	1	2.0
253	1	2.0
254	7	2.0
255	1	2.0
256	1	2.0
257	6	2.0
258	1	2.0
259	3	2.0
260	1	2.0
261	1	2.0
262	6	2.0
263	3	2.0
264	2	2.0
265	6	2.0
266	4	2.0
267	4	2.0
268	2	2.0
269	3	2.0
270	7	2.0
271	43	2.0
272	1	2.0
273	8	2.0
274	9	2.0
275	4	2.0
276	4	2.0
277	25	2.0
278	1	2.0
279	6	2.0
280	3	2.0
281	1	2.0
282	2	2.0
283	3	2.0
284	6	2.0
285	1	2.0
286	2	2.0
287	9	2.0
288	6	2.0
289	4	2.0
290	10	2.0
291	5	2.0
292	4	2.0
293	23	2.0
294	31	2.0
295	9	2.0
296	12	2.0
297	11	2.0
298	9	2.0
299	5	2.0
300	8	2.0
301	3	2.0
302	1	2.0
303	1	2.0
304	17	2.0
305	2	2.0
306	4	2.0
307	4	2.0
308	4	2.0
309	2	2.0
310	1	2.0
311	7	2.0
312	1	2.0
313	3	2.0
314	2	2.0
315	5	2.0
316	3	2.0
317	4	2.0
318	3	2.0
319	1	2.0
320	3	2.0
321	4	2.0
322	11	2.0
323	4	2.0
324	3	2.0
325	7	2.0
326	5	2.0
327	2	2.0
328	3	2.0
329	12	2.0
330	32	2.0
331	3	2.0
332	2	2.0
333	2	2.0
334	1	2.0
335	4	2.0
336	2	2.0
337	13	2.0
338	8	2.0
339	1	2.0
340	1	2.0
341	4	2.0
342	1	2.0
343	5	2.0
344	6	2.0
345	3	2.0
346	3	2.0
347	9	2.0
348	14	2.0
349	5	2.0
350	6	2.0
351	1	2.0
352	2	2.0
353	9	2.0
354	4	2.0
355	1	2.0
356	2	2.0
357	7	2.0
358	1	2.0
359	1	2.0
360	4	2.0
361	8	2.0
362	4	2.0
363	5	2.0
364	1	2.0
365	2	2.0
366	1	2.0
367	1	2.0
368	8	2.0
369	3	2.0
370	1	2.0
371	2	2.0
372	9	2.0
373	3	2.0
374	4	2.0
375	2	2.0
376	2	2.0
377	12	2.0
378	4	2.0
379	10	2.0
380	1	2.0
381	3	2.0
382	8	2.0
383	1	2.0
384	6	2.0
385	1	2.0
386	4	2.0
387	1	2.0
388	2	2.0
389	1	2.0
390	4	2.0
391	1	2.0
392	2	2.0
393	2	2.0
394	4	2.0
395	4	2.0
396	2	2.0
397	4	2.0
398	1	2.0
399	1	2.0
400	4	2.0
401	1	2.0
402	3	2.0
403	4	2.0
404	3	2.0
405	2	2.0
406	3	2.0
407	2	2.0
408	2	2.0
409	4	2.0
410	4	2.0
411	1	2.0
412	15	2.0
413	2	2.0
414	1	2.0
415	7	2.0
416	2	2.0
417	3	2.0
418	1	2.0
419	5	2.0
420	4	2.0
421	9	2.0
422	7	2.0
423	10	2.0
424	6	2.0
425	3	2.0
426	1	2.0
427	10	2.0
428	2	2.0
429	6	2.0
430	8	2.0
431	2	2.0
432	1	2.0
433	3	2.0
434	6	2.0
435	1	2.0
436	7	2.0
437	2	2.0
438	1	2.0
439	5	2.0
440	3	2.0
441	8	2.0
442	1	2.0
443	5	2.0
444	2	2.0
445	1	2.0
446	2	2.0
447	1	2.0
448	1	2.0
449	3	2.0
450	4	2.0
451	1	2.0
452	2	2.0
453	1	2.0
454	1	2.0
455	5	2.0
456	1	2.0
457	1	2.0
458	2	2.0
459	2	2.0
460	6	2.0
461	11	2.0
462	3	2.0
463	1	2.0
464	2	2.0
465	2	2.0
466	1	2.0
467	16	2.0
468	4	2.0
469	3	2.0
470	9	2.0
471	4	2.0
472	1	2.0
473	5	2.0
474	6	2.0
475	5	2.0
476	6	2.0
477	2	2.0
478	1	2.0
479	1	2.0
480	7	2.0
481	4	2.0
482	4	2.0
483	1	2.0
484	2	2.0
485	2	2.0
486	2	2.0
487	1	2.0
488	2	2.0
489	3	2.0
490	3	2.0
491	7	2.0
492	4	2.0
493	2	2.0
494	11	2.0
495	4	2.0
496	1	2.0
497	2	2.0
498	4	2.0
499	2	2.0
500	4	2.0
501	6	2.0
502	2	2.0
503	3	2.0
504	4	2.0
505	2	2.0
506	1	2.0
507	1	2.0
508	11	2.0
509	8	2.0
510	7	2.0
511	7	2.0
512	6	2.0
513	7	2.0
514	1	2.0
515	6	2.0
516	2	2.0
517	6	2.0
518	7	2.0
519	1	2.0
520	1	2.0
521	3	2.0
522	7	2.0
523	3	2.0
524	1	2.0
525	2	2.0
526	6	2.0
527	4	2.0
528	2	2.0
529	5	2.0
530	5	2.0
531	5	2.0
532	1	2.0
533	5	2.0
534	3	2.0
535	4	2.0
536	2	2.0
537	4	2.0
538	4	2.0
539	3	2.0
540	4	2.0
541	7	2.0
542	11	2.0
543	3	2.0
544	1	2.0
545	3	2.0
546	9	2.0
547	1	2.0
548	5	2.0
549	2	2.0
550	2	2.0
551	7	2.0
552	1	2.0
553	3	2.0
554	8	2.0
555	4	2.0
556	4	2.0
557	5	2.0
558	12	2.0
559	8	2.0
560	1	2.0
561	2	2.0
562	2	2.0
563	6	2.0
564	4	2.0
565	6	2.0
566	1	2.0
567	5	2.0
568	1	2.0
569	4	2.0
1	1	2.0
2	1	2.0
3	1	2.0
4	1	2.0
5	2	2.0
6	1	2.0
7	1	2.0
8	2	2.0
9	3	2.0
10	3	2.0
11	2	2.0
12	1	2.0
13	3	2.0
14	2	2.0
15	4	2.0
16	1	2.0
17	4	2.0
18	4	2.0
19	8	2.0
20	3	2.0
21	1	2.0
22	2	2.0
23	10	2.0
24	4	2.0
25	3	2.0
26	2	2.0
27	1	2.0
28	1	2.0
29	2	2.0
30	5	2.0
31	2	2.0
32	3	2.0
33	9	2.0
34	2	2.0
35	7	2.0
36	2	2.0
37	5	2.0
38	13	2.0
39	8	2.0
40	8	2.0
41	3	2.0
42	1	2.0
43	11	2.0
44	4	2.0
45	8	2.0
46	2	2.0
47	1	2.0
48	3	2.0
49	3	2.0
50	2	2.0
51	3	2.0
52	2	2.0
53	1	2.0
54	8	2.0
55	9	2.0
56	6	2.0
57	18	2.0
58	4	2.0
59	7	2.0
60	1	2.0
61	1	2.0
62	15	2.0
63	2	2.0
64	1	2.0
65	1	2.0
66	6	2.0
67	10	2.0
68	1	2.0
69	1	2.0
70	2	2.0
71	2	2.0
72	1	2.0
73	1	2.0
74	1	2.0
75	2	2.0
76	5	2.0
77	2	2.0
78	8	2.0
79	4	2.0
80	1	2.0
81	2	2.0
82	1	2.0
83	1	2.0
84	5	2.0
85	6	2.0
86	4	2.0
87	22	2.0
88	1	2.0
89	2	2.0
90	3	2.0
91	23	2.0
92	3	2.0
93	8	2.0
94	1	2.0
95	10	2.0
96	6	2.0
97	4	2.0
98	7	2.0
99	6	2.0
100	2	2.0
101	2	2.0
102	1	2.0
103	3	2.0
1	2	2.0
2	1	2.0
3	1	2.0
4	1	2.0
5	3	2.0
6	1	2.0
7	3	2.0
8	2	2.0
9	1	2.0
10	1	2.0
11	1	2.0
12	2	2.0
13	1	2.0
14	1	2.0
15	2	2.0
16	1	2.0
17	1	2.0
18	1	2.0
19	2	2.0
20	1	2.0
21	1	2.0
22	1	2.0
23	1	2.0
24	2	2.0
25	2	2.0
26	1	2.0
27	3	2.0
28	4	2.0
29	1	2.0
30	2	2.0
31	5	2.0
32	3	2.0
33	1	2.0
34	1	2.0
35	1	2.0
36	9	2.0
37	3	2.0
38	3	2.0
39	4	2.0
40	1	2.0
41	4	2.0
42	7	2.0
43	2	2.0
44	2	2.0
45	1	2.0
46	1	2.0
47	1	2.0
48	6	2.0
49	2	2.0
50	1	2.0
51	4	2.0
52	6	2.0
53	6	2.0
54	2	2.0
55	2	2.0
56	4	2.0
57	3	2.0
58	3	2.0
59	7	2.0
60	1	2.0
61	2	2.0
62	6	2.0
63	1	2.0
64	1	2.0
65	3	2.0
66	1	2.0
67	1	2.0
68	4	2.0
69	1	2.0
70	1	2.0
71	7	2.0
72	1	2.0
73	2	2.0
74	5	2.0
75	3	2.0
76	4	2.0
77	1	2.0
78	1	2.0
79	4	2.0
80	2	2.0
81	2	2.0
82	2	2.0
83	2	2.0
84	2	2.0
85	1	2.0
86	1	2.0
87	1	2.0
88	2	2.0
89	3	2.0
90	4	2.0
91	4	2.0
92	23	2.0
93	1	2.0
94	1	2.0
95	2	2.0
96	3	2.0
97	2	2.0
98	5	2.0
99	3	2.0
100	1	2.0
101	2	2.0
102	1	2.0
103	6	2.0
104	2	2.0
105	2	2.0
106	1	2.0
107	3	2.0
108	1	2.0
109	2	2.0
110	2	2.0
111	1	2.0
112	3	2.0
113	1	2.0
114	6	2.0
115	1	2.0
116	1	2.0
117	2	2.0
118	8	2.0
119	2	2.0
120	2	2.0
121	3	2.0
122	3	2.0
123	1	2.0
124	3	2.0
125	1	2.0
126	1	2.0
127	3	2.0
128	3	2.0
129	2	2.0
130	2	2.0
131	1	2.0
132	1	2.0
133	1	2.0
134	1	2.0
135	2	2.0
136	1	2.0
137	10	2.0
138	2	2.0
139	3	2.0
140	2	2.0
141	3	2.0
142	6	2.0
143	6	2.0
144	3	2.0
145	1	2.0
146	1	2.0
147	3	2.0
148	4	2.0
149	1	2.0
150	5	2.0
151	1	2.0
152	2	2.0
153	1	2.0
154	7	2.0
155	1	2.0
156	2	2.0
157	1	2.0
158	2	2.0
159	1	2.0
160	4	2.0
161	1	2.0
162	3	2.0
163	1	2.0
164	4	2.0
165	2	2.0
166	2	2.0
167	3	2.0
168	2	2.0
169	1	2.0
170	2	2.0
171	4	2.0
172	3	2.0
173	1	2.0
174	3	2.0
175	3	2.0
176	3	2.0
177	2	2.0
178	6	2.0
179	3	2.0
180	2	2.0
181	4	2.0
182	2	2.0
183	1	2.0
184	1	2.0
185	1	2.0
186	5	2.0
187	2	2.0
188	12	2.0
189	1	2.0
190	1	2.0
191	1	2.0
192	2	2.0
193	7	2.0
194	6	2.0
195	2	2.0
196	3	2.0
197	1	2.0
198	1	2.0
199	6	2.0
200	5	2.0
201	13	2.0
202	6	2.0
203	6	2.0
204	3	2.0
205	3	2.0
206	1	2.0
207	2	2.0
208	3	2.0
209	5	2.0
210	1	2.0
211	2	2.0
212	7	2.0
213	1	2.0
214	2	2.0
215	2	2.0
216	15	2.0
217	1	2.0
218	8	2.0
219	3	2.0
220	4	2.0
221	8	2.0
222	13	2.0
223	14	2.0
224	7	2.0
225	7	2.0
226	1	2.0
227	3	2.0
228	1	2.0
229	1	2.0
230	5	2.0
231	9	2.0
232	1	2.0
233	1	2.0
234	1	2.0
235	1	2.0
236	1	2.0
237	1	2.0
238	2	2.0
239	8	2.0
240	1	2.0
241	2	2.0
242	6	2.0
243	3	2.0
244	1	2.0
245	2	2.0
246	1	2.0
247	7	2.0
248	1	2.0
249	1	2.0
250	1	2.0
251	4	2.0
252	13	2.0
253	3	2.0
254	7	2.0
255	7	2.0
256	8	2.0
257	3	2.0
258	1	2.0
259	9	2.0
260	4	2.0
261	3	2.0
262	7	2.0
263	1	2.0
264	11	2.0
265	3	2.0
266	6	2.0
267	4	2.0
268	1	2.0
269	4	2.0
270	1	2.0
271	6	2.0
272	2	2.0
273	1	2.0
274	2	2.0
275	2	2.0
276	13	2.0
277	1	2.0
278	2	2.0
279	8	2.0
280	5	2.0
281	3	2.0
282	6	2.0
283	1	2.0
284	1	2.0
285	1	2.0
286	1	2.0
287	4	2.0
288	2	2.0
289	7	2.0
290	1	2.0
291	2	2.0
292	9	2.0
293	11	2.0
294	5	2.0
295	7	2.0
296	2	2.0
297	2	2.0
298	2	2.0
299	2	2.0
300	1	2.0
301	3	2.0
302	9	2.0
303	4	2.0
304	1	2.0
305	3	2.0
306	2	2.0
307	1	2.0
308	2	2.0
309	3	2.0
310	1	2.0
311	1	2.0
312	2	2.0
313	1	2.0
314	1	2.0
315	1	2.0
316	1	2.0
317	2	2.0
318	2	2.0
319	1	2.0
320	1	2.0
321	1	2.0
322	3	2.0
323	1	2.0
324	6	2.0
325	1	2.0
326	1	2.0
327	4	2.0
328	1	2.0
329	3	2.0
330	2	2.0
331	4	2.0
332	4	2.0
333	1	2.0
334	3	2.0
335	1	2.0
336	4	2.0
337	1	2.0
338	6	2.0
339	1	2.0
340	8	2.0
341	8	2.0
342	5	2.0
343	3	2.0
344	1	2.0
345	2	2.0
346	2	2.0
347	2	2.0
348	1	2.0
349	3	2.0
350	6	2.0
351	4	2.0
352	2	2.0
353	1	2.0
354	4	2.0
355	3	2.0
356	2	2.0
357	1	2.0
358	3	2.0
359	10	2.0
360	5	2.0
361	1	2.0
362	1	2.0
363	4	2.0
364	2	2.0
365	1	2.0
366	2	2.0
367	2	2.0
368	1	2.0
369	4	2.0
370	4	2.0
371	3	2.0
372	1	2.0
373	1	2.0
374	1	2.0
375	2	2.0
376	1	2.0
377	1	2.0
378	1	2.0
379	3	2.0
380	1	2.0
381	1	2.0
382	3	2.0
383	2	2.0
384	2	2.0
385	1	2.0
386	1	2.0
387	1	2.0
388	3	2.0
389	2	2.0
390	2	2.0
391	1	2.0
392	10	2.0
393	5	2.0
394	6	2.0
395	12	2.0
396	1	2.0
397	2	2.0
398	3	2.0
399	3	2.0
400	3	2.0
401	4	2.0
402	4	2.0
403	4	2.0
404	2	2.0
405	1	2.0
406	1	2.0
407	3	2.0
408	1	2.0
409	1	2.0
410	1	2.0
411	1	2.0
412	5	2.0
413	2	2.0
414	20	2.0
415	1	2.0
416	2	2.0
417	1	2.0
418	1	2.0
419	2	2.0
420	2	2.0
421	4	2.0
422	9	2.0
423	1	2.0
424	4	2.0
425	6	2.0
426	8	2.0
427	5	2.0
428	5	2.0
429	1	2.0
430	6	2.0
431	2	2.0
432	2	2.0
433	1	2.0
434	3	2.0
435	1	2.0
436	2	2.0
437	7	2.0
438	6	2.0
439	20	2.0
440	7	2.0
441	5	2.0
442	2	2.0
443	2	2.0
444	4	2.0
445	1	2.0
446	1	2.0
447	5	2.0
448	3	2.0
449	3	2.0
450	1	2.0
451	3	2.0
452	1	2.0
453	2	2.0
454	2	2.0
455	1	2.0
456	1	2.0
457	11	2.0
458	3	2.0
459	6	2.0
460	1	2.0
461	1	2.0
462	2	2.0
463	12	2.0
464	7	2.0
465	12	2.0
466	4	2.0
467	1	2.0
468	1	2.0
469	3	2.0
470	1	2.0
471	3	2.0
472	5	2.0
473	1	2.0
474	9	2.0
475	2	2.0
476	1	2.0
477	1	2.0
478	3	2.0
479	3	2.0
480	2	2.0
481	1	2.0
482	6	2.0
483	2	2.0
484	1	2.0
485	2	2.0
486	6	2.0
487	1	2.0
488	3	2.0
489	2	2.0
490	1	2.0
491	4	2.0
492	3	2.0
493	2	2.0
494	5	2.0
495	4	2.0
496	6	2.0
497	7	2.0
498	1	2.0
499	1	2.0
500	1	2.0
501	3	2.0
502	7	2.0
503	3	2.0
504	1	2.0
505	1	2.0
506	1	2.0
507	2	2.0
508	4	2.0
509	5	2.0
510	2	2.0
511	4	2.0
512	10	2.0
513	5	2.0
514	2	2.0
515	2	2.0
516	12	2.0
517	1	2.0
518	1	2.0
519	1	2.0
520	3	2.0
521	5	2.0
522	3	2.0
523	11	2.0
524	3	2.0
525	5	2.0
526	7	2.0
527	4	2.0
528	6	2.0
529	2	2.0
530	1	2.0
531	4	2.0
532	4	2.0
533	3	2.0
534	5	2.0
535	8	2.0
536	3	2.0
537	5	2.0
538	2	2.0
539	5	2.0
540	7	2.0
541	2	2.0
542	2	2.0
543	1	2.0
544	2	2.0
545	1	2.0
546	1	2.0
547	5	2.0
548	1	2.0
549	5	2.0
550	1	2.0
551	4	2.0
552	2	2.0
553	10	2.0
