1	151.0	1.0
2	129.0	1.0
3	110.0	1.0
4	104.0	1.0
5	87.0	1.0
6	83.0	1.0
7	83.0	1.0
8	56.0	1.0
9	56.0	1.0
10	56.0	1.0
11	59.0	1.0
12	57.0	1.0
13	50.0	1.0
14	49.0	1.0
15	49.0	1.0
16	39.0	1.0
17	39.0	1.0
18	36.0	1.0
19	34.0	1.0
20	34.0	1.0
21	33.0	1.0
22	31.0	1.0
23	31.0	1.0
24	29.0	1.0
25	26.0	1.0
26	25.0	1.0
27	25.0	1.0
28	25.0	1.0
29	25.0	1.0
30	24.0	1.0
31	25.0	1.0
32	26.0	1.0
33	25.0	1.0
34	29.0	1.0
35	29.0	1.0
36	26.0	1.0
37	25.0	1.0
38	25.0	1.0
39	22.0	1.0
40	22.0	1.0
41	19.0	1.0
42	19.0	1.0
43	22.0	1.0
44	19.0	1.0
45	18.0	1.0
46	14.0	1.0
47	14.0	1.0
48	13.0	1.0
49	12.0	1.0
50	11.0	1.0
51	12.0	1.0
52	11.0	1.0
53	12.0	1.0
54	11.0	1.0
55	15.0	1.0
56	13.0	1.0
57	13.0	1.0
58	14.0	1.0
59	13.0	1.0
60	12.0	1.0
61	13.0	1.0
62	12.0	1.0
63	12.0	1.0
64	13.0	1.0
65	14.0	1.0
66	14.0	1.0
67	16.0	1.0
68	16.0	1.0
69	14.0	1.0
70	14.0	1.0
71	15.0	1.0
72	13.0	1.0
73	9.0	1.0
74	6.0	1.0
75	6.0	1.0
76	3.0	1.0
77	5.0	1.0
78	2.0	1.0
79	1.0	1.0
80	0.0	1.0
1	111.0	1.0
2	111.0	1.0
3	85.0	1.0
4	86.0	1.0
5	84.0	1.0
6	84.0	1.0
7	84.0	1.0
8	82.0	1.0
9	78.0	1.0
10	70.0	1.0
11	62.0	1.0
12	58.0	1.0
13	56.0	1.0
14	56.0	1.0
15	53.0	1.0
16	46.0	1.0
17	46.0	1.0
18	47.0	1.0
19	45.0	1.0
20	45.0	1.0
21	43.0	1.0
22	38.0	1.0
23	37.0	1.0
24	38.0	1.0
25	30.0	1.0
26	27.0	1.0
27	26.0	1.0
28	24.0	1.0
29	23.0	1.0
30	20.0	1.0
31	20.0	1.0
32	19.0	1.0
33	19.0	1.0
34	13.0	1.0
35	15.0	1.0
36	12.0	1.0
37	12.0	1.0
38	9.0	1.0
39	5.0	1.0
40	6.0	1.0
41	5.0	1.0
42	6.0	1.0
43	5.0	1.0
44	5.0	1.0
45	5.0	1.0
46	8.0	1.0
47	5.0	1.0
48	5.0	1.0
49	5.0	1.0
50	6.0	1.0
51	7.0	1.0
52	4.0	1.0
53	4.0	1.0
54	4.0	1.0
55	4.0	1.0
56	5.0	1.0
57	6.0	1.0
58	5.0	1.0
59	5.0	1.0
60	6.0	1.0
61	7.0	1.0
62	4.0	1.0
63	4.0	1.0
64	4.0	1.0
65	5.0	1.0
66	6.0	1.0
67	4.0	1.0
68	4.0	1.0
69	4.0	1.0
70	7.0	1.0
71	3.0	1.0
72	3.0	1.0
73	0.0	1.0
1	120.0	1.0
2	92.0	1.0
3	65.0	1.0
4	60.0	1.0
5	58.0	1.0
6	43.0	1.0
7	43.0	1.0
8	43.0	1.0
9	43.0	1.0
10	42.0	1.0
11	36.0	1.0
12	37.0	1.0
13	36.0	1.0
14	36.0	1.0
15	30.0	1.0
16	30.0	1.0
17	28.0	1.0
18	24.0	1.0
19	25.0	1.0
20	22.0	1.0
21	21.0	1.0
22	22.0	1.0
23	21.0	1.0
24	21.0	1.0
25	22.0	1.0
26	23.0	1.0
27	23.0	1.0
28	24.0	1.0
29	22.0	1.0
30	21.0	1.0
31	16.0	1.0
32	22.0	1.0
33	16.0	1.0
34	18.0	1.0
35	11.0	1.0
36	11.0	1.0
37	11.0	1.0
38	15.0	1.0
39	15.0	1.0
40	16.0	1.0
41	15.0	1.0
42	14.0	1.0
43	15.0	1.0
44	11.0	1.0
45	10.0	1.0
46	10.0	1.0
47	10.0	1.0
48	10.0	1.0
49	10.0	1.0
50	7.0	1.0
51	4.0	1.0
52	4.0	1.0
53	4.0	1.0
54	5.0	1.0
55	4.0	1.0
56	5.0	1.0
57	4.0	1.0
58	4.0	1.0
59	4.0	1.0
60	6.0	1.0
61	6.0	1.0
62	6.0	1.0
63	7.0	1.0
64	7.0	1.0
65	6.0	1.0
66	4.0	1.0
67	4.0	1.0
68	3.0	1.0
69	3.0	1.0
70	3.0	1.0
71	3.0	1.0
72	3.0	1.0
73	3.0	1.0
74	1.0	1.0
75	2.0	1.0
76	0.0	1.0
1	76.0	1.0
2	65.0	1.0
3	63.0	1.0
4	51.0	1.0
5	51.0	1.0
6	51.0	1.0
7	44.0	1.0
8	46.0	1.0
9	44.0	1.0
10	38.0	1.0
11	39.0	1.0
12	40.0	1.0
13	41.0	1.0
14	41.0	1.0
15	34.0	1.0
16	32.0	1.0
17	30.0	1.0
18	31.0	1.0
19	24.0	1.0
20	23.0	1.0
21	26.0	1.0
22	19.0	1.0
23	18.0	1.0
24	17.0	1.0
25	17.0	1.0
26	15.0	1.0
27	14.0	1.0
28	14.0	1.0
29	14.0	1.0
30	14.0	1.0
31	13.0	1.0
32	13.0	1.0
33	13.0	1.0
34	13.0	1.0
35	13.0	1.0
36	13.0	1.0
37	14.0	1.0
38	14.0	1.0
39	10.0	1.0
40	10.0	1.0
41	10.0	1.0
42	11.0	1.0
43	10.0	1.0
44	9.0	1.0
45	10.0	1.0
46	10.0	1.0
47	10.0	1.0
48	10.0	1.0
49	10.0	1.0
50	8.0	1.0
51	8.0	1.0
52	7.0	1.0
53	7.0	1.0
54	3.0	1.0
55	5.0	1.0
56	5.0	1.0
57	5.0	1.0
58	5.0	1.0
59	4.0	1.0
60	3.0	1.0
61	2.0	1.0
62	4.0	1.0
63	5.0	1.0
64	6.0	1.0
65	5.0	1.0
66	4.0	1.0
67	6.0	1.0
68	6.0	1.0
69	6.0	1.0
70	9.0	1.0
71	9.0	1.0
72	6.0	1.0
73	5.0	1.0
74	2.0	1.0
75	3.0	1.0
76	2.0	1.0
77	2.0	1.0
78	2.0	1.0
79	2.0	1.0
80	2.0	1.0
81	3.0	1.0
82	3.0	1.0
83	2.0	1.0
84	2.0	1.0
85	2.0	1.0
86	2.0	1.0
87	2.0	1.0
88	2.0	1.0
89	0.0	1.0
1	80.0	1.0
2	74.0	1.0
3	74.0	1.0
4	53.0	1.0
5	53.0	1.0
6	52.0	1.0
7	51.0	1.0
8	39.0	1.0
9	34.0	1.0
10	27.0	1.0
11	27.0	1.0
12	25.0	1.0
13	25.0	1.0
14	22.0	1.0
15	22.0	1.0
16	21.0	1.0
17	21.0	1.0
18	21.0	1.0
19	21.0	1.0
20	21.0	1.0
21	20.0	1.0
22	15.0	1.0
23	15.0	1.0
24	15.0	1.0
25	18.0	1.0
26	17.0	1.0
27	18.0	1.0
28	13.0	1.0
29	11.0	1.0
30	11.0	1.0
31	10.0	1.0
32	10.0	1.0
33	11.0	1.0
34	12.0	1.0
35	9.0	1.0
36	10.0	1.0
37	11.0	1.0
38	10.0	1.0
39	8.0	1.0
40	9.0	1.0
41	9.0	1.0
42	8.0	1.0
43	9.0	1.0
44	10.0	1.0
45	9.0	1.0
46	9.0	1.0
47	10.0	1.0
48	9.0	1.0
49	12.0	1.0
50	11.0	1.0
51	11.0	1.0
52	11.0	1.0
53	11.0	1.0
54	9.0	1.0
55	10.0	1.0
56	9.0	1.0
57	10.0	1.0
58	9.0	1.0
59	9.0	1.0
60	9.0	1.0
61	9.0	1.0
62	11.0	1.0
63	11.0	1.0
64	11.0	1.0
65	11.0	1.0
66	12.0	1.0
67	11.0	1.0
68	11.0	1.0
69	8.0	1.0
70	7.0	1.0
71	5.0	1.0
72	3.0	1.0
73	5.0	1.0
74	4.0	1.0
75	3.0	1.0
76	2.0	1.0
77	2.0	1.0
78	4.0	1.0
79	2.0	1.0
80	4.0	1.0
81	5.0	1.0
82	4.0	1.0
83	8.0	1.0
84	5.0	1.0
85	3.0	1.0
86	3.0	1.0
87	4.0	1.0
88	3.0	1.0
89	3.0	1.0
90	3.0	1.0
91	3.0	1.0
92	1.0	1.0
93	1.0	1.0
94	3.0	1.0
95	5.0	1.0
96	3.0	1.0
97	3.0	1.0
98	3.0	1.0
99	3.0	1.0
100	5.0	1.0
101	5.0	1.0
102	5.0	1.0
103	5.0	1.0
104	5.0	1.0
105	5.0	1.0
106	5.0	1.0
107	4.0	1.0
108	5.0	1.0
109	6.0	1.0
110	5.0	1.0
111	5.0	1.0
112	7.0	1.0
113	7.0	1.0
114	7.0	1.0
115	9.0	1.0
116	9.0	1.0
117	6.0	1.0
118	8.0	1.0
119	9.0	1.0
120	7.0	1.0
121	4.0	1.0
122	4.0	1.0
123	4.0	1.0
124	3.0	1.0
125	3.0	1.0
126	4.0	1.0
127	3.0	1.0
128	1.0	1.0
129	0.0	1.0
1	81.0	1.0
2	79.0	1.0
3	78.0	1.0
4	78.0	1.0
5	77.0	1.0
6	78.0	1.0
7	62.0	1.0
8	57.0	1.0
9	49.0	1.0
10	46.0	1.0
11	38.0	1.0
12	38.0	1.0
13	37.0	1.0
14	36.0	1.0
15	37.0	1.0
16	34.0	1.0
17	34.0	1.0
18	36.0	1.0
19	35.0	1.0
20	30.0	1.0
21	29.0	1.0
22	28.0	1.0
23	26.0	1.0
24	27.0	1.0
25	28.0	1.0
26	26.0	1.0
27	26.0	1.0
28	30.0	1.0
29	30.0	1.0
30	29.0	1.0
31	29.0	1.0
32	24.0	1.0
33	26.0	1.0
34	23.0	1.0
35	25.0	1.0
36	25.0	1.0
37	22.0	1.0
38	20.0	1.0
39	24.0	1.0
40	24.0	1.0
41	25.0	1.0
42	16.0	1.0
43	16.0	1.0
44	17.0	1.0
45	18.0	1.0
46	16.0	1.0
47	13.0	1.0
48	13.0	1.0
49	12.0	1.0
50	12.0	1.0
51	11.0	1.0
52	9.0	1.0
53	10.0	1.0
54	8.0	1.0
55	11.0	1.0
56	11.0	1.0
57	11.0	1.0
58	14.0	1.0
59	14.0	1.0
60	12.0	1.0
61	11.0	1.0
62	13.0	1.0
63	13.0	1.0
64	12.0	1.0
65	11.0	1.0
66	11.0	1.0
67	11.0	1.0
68	9.0	1.0
69	9.0	1.0
70	9.0	1.0
71	9.0	1.0
72	9.0	1.0
73	9.0	1.0
74	7.0	1.0
75	7.0	1.0
76	5.0	1.0
77	5.0	1.0
78	5.0	1.0
79	4.0	1.0
80	4.0	1.0
81	4.0	1.0
82	4.0	1.0
83	4.0	1.0
84	3.0	1.0
85	3.0	1.0
86	2.0	1.0
87	2.0	1.0
88	2.0	1.0
89	2.0	1.0
90	4.0	1.0
91	2.0	1.0
92	3.0	1.0
93	2.0	1.0
94	2.0	1.0
95	2.0	1.0
96	2.0	1.0
97	2.0	1.0
98	2.0	1.0
99	2.0	1.0
100	2.0	1.0
101	2.0	1.0
102	2.0	1.0
103	2.0	1.0
104	2.0	1.0
105	2.0	1.0
106	2.0	1.0
107	2.0	1.0
108	2.0	1.0
109	2.0	1.0
110	2.0	1.0
111	2.0	1.0
112	3.0	1.0
113	3.0	1.0
114	2.0	1.0
115	2.0	1.0
116	2.0	1.0
117	1.0	1.0
118	1.0	1.0
119	1.0	1.0
120	1.0	1.0
121	2.0	1.0
122	1.0	1.0
123	1.0	1.0
124	1.0	1.0
125	0.0	1.0
1	94.0	1.0
2	78.0	1.0
3	79.0	1.0
4	75.0	1.0
5	72.0	1.0
6	63.0	1.0
7	61.0	1.0
8	57.0	1.0
9	56.0	1.0
10	55.0	1.0
11	58.0	1.0
12	55.0	1.0
13	53.0	1.0
14	49.0	1.0
15	46.0	1.0
16	44.0	1.0
17	39.0	1.0
18	35.0	1.0
19	37.0	1.0
20	37.0	1.0
21	37.0	1.0
22	37.0	1.0
23	35.0	1.0
24	30.0	1.0
25	27.0	1.0
26	28.0	1.0
27	23.0	1.0
28	23.0	1.0
29	18.0	1.0
30	8.0	1.0
31	5.0	1.0
32	5.0	1.0
33	5.0	1.0
34	5.0	1.0
35	5.0	1.0
36	5.0	1.0
37	5.0	1.0
38	5.0	1.0
39	5.0	1.0
40	5.0	1.0
41	5.0	1.0
42	3.0	1.0
43	3.0	1.0
44	0.0	1.0
1	128.0	1.0
2	91.0	1.0
3	87.0	1.0
4	88.0	1.0
5	87.0	1.0
6	68.0	1.0
7	64.0	1.0
8	66.0	1.0
9	66.0	1.0
10	58.0	1.0
11	57.0	1.0
12	58.0	1.0
13	49.0	1.0
14	46.0	1.0
15	41.0	1.0
16	42.0	1.0
17	36.0	1.0
18	34.0	1.0
19	34.0	1.0
20	34.0	1.0
21	34.0	1.0
22	33.0	1.0
23	31.0	1.0
24	29.0	1.0
25	28.0	1.0
26	26.0	1.0
27	26.0	1.0
28	26.0	1.0
29	26.0	1.0
30	27.0	1.0
31	26.0	1.0
32	26.0	1.0
33	28.0	1.0
34	29.0	1.0
35	29.0	1.0
36	26.0	1.0
37	26.0	1.0
38	26.0	1.0
39	26.0	1.0
40	25.0	1.0
41	22.0	1.0
42	22.0	1.0
43	21.0	1.0
44	12.0	1.0
45	11.0	1.0
46	11.0	1.0
47	10.0	1.0
48	9.0	1.0
49	9.0	1.0
50	9.0	1.0
51	8.0	1.0
52	10.0	1.0
53	10.0	1.0
54	9.0	1.0
55	9.0	1.0
56	10.0	1.0
57	11.0	1.0
58	11.0	1.0
59	12.0	1.0
60	12.0	1.0
61	13.0	1.0
62	13.0	1.0
63	13.0	1.0
64	13.0	1.0
65	14.0	1.0
66	15.0	1.0
67	15.0	1.0
68	14.0	1.0
69	13.0	1.0
70	13.0	1.0
71	14.0	1.0
72	12.0	1.0
73	13.0	1.0
74	13.0	1.0
75	12.0	1.0
76	12.0	1.0
77	10.0	1.0
78	9.0	1.0
79	10.0	1.0
80	9.0	1.0
81	11.0	1.0
82	12.0	1.0
83	11.0	1.0
84	9.0	1.0
85	10.0	1.0
86	10.0	1.0
87	9.0	1.0
88	10.0	1.0
89	11.0	1.0
90	11.0	1.0
91	12.0	1.0
92	13.0	1.0
93	14.0	1.0
94	13.0	1.0
95	13.0	1.0
96	14.0	1.0
97	13.0	1.0
98	15.0	1.0
99	16.0	1.0
100	16.0	1.0
101	17.0	1.0
102	15.0	1.0
103	15.0	1.0
104	12.0	1.0
105	12.0	1.0
106	10.0	1.0
107	10.0	1.0
108	13.0	1.0
109	13.0	1.0
110	12.0	1.0
111	12.0	1.0
112	12.0	1.0
113	11.0	1.0
114	12.0	1.0
115	12.0	1.0
116	12.0	1.0
117	13.0	1.0
118	13.0	1.0
119	12.0	1.0
120	12.0	1.0
121	12.0	1.0
122	12.0	1.0
123	12.0	1.0
124	13.0	1.0
125	13.0	1.0
126	13.0	1.0
127	12.0	1.0
128	12.0	1.0
129	11.0	1.0
130	11.0	1.0
131	11.0	1.0
132	5.0	1.0
133	2.0	1.0
134	0.0	1.0
1	90.0	1.0
2	90.0	1.0
3	90.0	1.0
4	86.0	1.0
5	81.0	1.0
6	81.0	1.0
7	72.0	1.0
8	66.0	1.0
9	63.0	1.0
10	63.0	1.0
11	57.0	1.0
12	56.0	1.0
13	48.0	1.0
14	47.0	1.0
15	45.0	1.0
16	48.0	1.0
17	48.0	1.0
18	48.0	1.0
19	47.0	1.0
20	41.0	1.0
21	43.0	1.0
22	44.0	1.0
23	39.0	1.0
24	37.0	1.0
25	36.0	1.0
26	37.0	1.0
27	38.0	1.0
28	38.0	1.0
29	36.0	1.0
30	35.0	1.0
31	35.0	1.0
32	34.0	1.0
33	31.0	1.0
34	28.0	1.0
35	28.0	1.0
36	27.0	1.0
37	21.0	1.0
38	18.0	1.0
39	19.0	1.0
40	15.0	1.0
41	14.0	1.0
42	13.0	1.0
43	11.0	1.0
44	11.0	1.0
45	8.0	1.0
46	8.0	1.0
47	2.0	1.0
48	3.0	1.0
49	5.0	1.0
50	3.0	1.0
51	3.0	1.0
52	3.0	1.0
53	3.0	1.0
54	3.0	1.0
55	3.0	1.0
56	3.0	1.0
57	3.0	1.0
58	3.0	1.0
59	3.0	1.0
60	1.0	1.0
61	1.0	1.0
62	0.0	1.0
1	76.0	1.0
2	74.0	1.0
3	63.0	1.0
4	60.0	1.0
5	55.0	1.0
6	48.0	1.0
7	47.0	1.0
8	42.0	1.0
9	41.0	1.0
10	39.0	1.0
11	39.0	1.0
12	39.0	1.0
13	36.0	1.0
14	35.0	1.0
15	35.0	1.0
16	33.0	1.0
17	33.0	1.0
18	33.0	1.0
19	25.0	1.0
20	27.0	1.0
21	27.0	1.0
22	24.0	1.0
23	24.0	1.0
24	29.0	1.0
25	24.0	1.0
26	23.0	1.0
27	21.0	1.0
28	21.0	1.0
29	21.0	1.0
30	22.0	1.0
31	22.0	1.0
32	22.0	1.0
33	22.0	1.0
34	21.0	1.0
35	21.0	1.0
36	20.0	1.0
37	21.0	1.0
38	21.0	1.0
39	17.0	1.0
40	17.0	1.0
41	14.0	1.0
42	13.0	1.0
43	13.0	1.0
44	12.0	1.0
45	12.0	1.0
46	11.0	1.0
47	10.0	1.0
48	10.0	1.0
49	10.0	1.0
50	11.0	1.0
51	10.0	1.0
52	10.0	1.0
53	11.0	1.0
54	12.0	1.0
55	8.0	1.0
56	8.0	1.0
57	1.0	1.0
58	1.0	1.0
59	1.0	1.0
60	1.0	1.0
61	1.0	1.0
62	1.0	1.0
63	1.0	1.0
64	1.0	1.0
65	1.0	1.0
66	0.0	1.0
