1	1	1.0
2	1	1.0
3	3	1.0
4	2	1.0
5	1	1.0
6	2	1.0
7	1	1.0
8	2	1.0
9	1	1.0
10	1	1.0
11	3	1.0
12	1	1.0
13	3	1.0
14	1	1.0
15	1	1.0
16	4	1.0
17	1	1.0
18	1	1.0
19	1	1.0
20	7	1.0
21	2	1.0
22	2	1.0
23	7	1.0
24	2	1.0
25	2	1.0
26	2	1.0
27	1	1.0
28	3	1.0
29	1	1.0
30	4	1.0
31	3	1.0
32	3	1.0
33	2	1.0
34	2	1.0
35	3	1.0
36	4	1.0
37	1	1.0
38	1	1.0
39	8	1.0
40	1	1.0
41	1	1.0
42	3	1.0
43	4	1.0
44	1	1.0
45	3	1.0
46	4	1.0
47	5	1.0
48	16	1.0
49	6	1.0
50	1	1.0
51	2	1.0
52	1	1.0
53	12	1.0
54	3	1.0
55	19	1.0
56	4	1.0
57	29	1.0
58	22	1.0
59	2	1.0
60	31	1.0
61	33	1.0
62	1	1.0
63	15	1.0
64	5	1.0
65	9	1.0
66	16	1.0
67	5	1.0
68	1	1.0
69	7	1.0
70	1	1.0
71	2	1.0
72	1	1.0
73	10	1.0
74	2	1.0
75	2	1.0
76	79	1.0
77	2	1.0
78	3	1.0
79	8	1.0
80	32	1.0
1	1	1.0
2	1	1.0
3	1	1.0
4	1	1.0
5	1	1.0
6	2	1.0
7	1	1.0
8	1	1.0
9	1	1.0
10	2	1.0
11	1	1.0
12	2	1.0
13	7	1.0
14	3	1.0
15	2	1.0
16	5	1.0
17	1	1.0
18	14	1.0
19	9	1.0
20	2	1.0
21	2	1.0
22	4	1.0
23	4	1.0
24	2	1.0
25	1	1.0
26	6	1.0
27	4	1.0
28	10	1.0
29	22	1.0
30	1	1.0
31	2	1.0
32	5	1.0
33	5	1.0
34	8	1.0
35	1	1.0
36	10	1.0
37	21	1.0
38	6	1.0
39	1	1.0
40	1	1.0
41	10	1.0
42	38	1.0
43	4	1.0
44	28	1.0
45	4	1.0
46	46	1.0
47	1	1.0
48	3	1.0
49	6	1.0
50	9	1.0
51	13	1.0
52	10	1.0
53	8	1.0
54	17	1.0
55	10	1.0
56	9	1.0
57	33	1.0
58	3	1.0
59	9	1.0
60	11	1.0
61	1	1.0
62	4	1.0
63	1	1.0
64	8	1.0
65	2	1.0
66	2	1.0
67	3	1.0
68	4	1.0
69	2	1.0
70	16	1.0
71	6	1.0
72	4	1.0
73	9	1.0
1	1	1.0
2	2	1.0
3	2	1.0
4	2	1.0
5	4	1.0
6	1	1.0
7	4	1.0
8	2	1.0
9	1	1.0
10	4	1.0
11	2	1.0
12	7	1.0
13	11	1.0
14	1	1.0
15	5	1.0
16	12	1.0
17	12	1.0
18	2	1.0
19	7	1.0
20	1	1.0
21	11	1.0
22	2	1.0
23	3	1.0
24	5	1.0
25	14	1.0
26	1	1.0
27	5	1.0
28	15	1.0
29	6	1.0
30	2	1.0
31	4	1.0
32	7	1.0
33	12	1.0
34	8	1.0
35	9	1.0
36	11	1.0
37	5	1.0
38	3	1.0
39	8	1.0
40	1	1.0
41	8	1.0
42	2	1.0
43	8	1.0
44	4	1.0
45	6	1.0
46	6	1.0
47	9	1.0
48	5	1.0
49	4	1.0
50	10	1.0
51	5	1.0
52	6	1.0
53	3	1.0
54	1	1.0
55	15	1.0
56	10	1.0
57	6	1.0
58	10	1.0
59	33	1.0
60	4	1.0
61	7	1.0
62	5	1.0
63	2	1.0
64	10	1.0
65	1	1.0
66	9	1.0
67	6	1.0
68	12	1.0
69	4	1.0
70	5	1.0
71	5	1.0
72	9	1.0
73	36	1.0
74	3	1.0
75	4	1.0
76	5	1.0
1	1	1.0
2	1	1.0
3	3	1.0
4	3	1.0
5	3	1.0
6	4	1.0
7	1	1.0
8	1	1.0
9	6	1.0
10	2	1.0
11	1	1.0
12	2	1.0
13	3	1.0
14	3	1.0
15	7	1.0
16	2	1.0
17	3	1.0
18	15	1.0
19	6	1.0
20	2	1.0
21	20	1.0
22	9	1.0
23	6	1.0
24	15	1.0
25	35	1.0
26	6	1.0
27	15	1.0
28	2	1.0
29	6	1.0
30	2	1.0
31	12	1.0
32	6	1.0
33	9	1.0
34	7	1.0
35	23	1.0
36	6	1.0
37	3	1.0
38	17	1.0
39	1	1.0
40	10	1.0
41	8	1.0
42	3	1.0
43	9	1.0
44	8	1.0
45	8	1.0
46	2	1.0
47	1	1.0
48	8	1.0
49	14	1.0
50	9	1.0
51	2	1.0
52	13	1.0
53	5	1.0
54	3	1.0
55	21	1.0
56	33	1.0
57	1	1.0
58	3	1.0
59	1	1.0
60	16	1.0
61	26	1.0
62	15	1.0
63	35	1.0
64	9	1.0
65	11	1.0
66	60	1.0
67	4	1.0
68	13	1.0
69	28	1.0
70	1	1.0
71	4	1.0
72	2	1.0
73	5	1.0
74	5	1.0
75	4	1.0
76	16	1.0
77	1	1.0
78	1	1.0
79	7	1.0
80	3	1.0
81	20	1.0
82	37	1.0
83	4	1.0
84	6	1.0
85	15	1.0
86	6	1.0
87	16	1.0
88	3	1.0
89	6	1.0
1	1	1.0
2	2	1.0
3	1	1.0
4	2	1.0
5	1	1.0
6	3	1.0
7	1	1.0
8	3	1.0
9	1	1.0
10	1	1.0
11	6	1.0
12	7	1.0
13	1	1.0
14	3	1.0
15	1	1.0
16	37	1.0
17	10	1.0
18	18	1.0
19	1	1.0
20	2	1.0
21	3	1.0
22	5	1.0
23	41	1.0
24	15	1.0
25	2	1.0
26	19	1.0
27	3	1.0
28	1	1.0
29	1	1.0
30	3	1.0
31	2	1.0
32	1	1.0
33	2	1.0
34	4	1.0
35	8	1.0
36	41	1.0
37	3	1.0
38	1	1.0
39	23	1.0
40	16	1.0
41	6	1.0
42	8	1.0
43	1	1.0
44	1	1.0
45	15	1.0
46	6	1.0
47	3	1.0
48	3	1.0
49	1	1.0
50	4	1.0
51	3	1.0
52	1	1.0
53	9	1.0
54	13	1.0
55	10	1.0
56	4	1.0
57	1	1.0
58	2	1.0
59	7	1.0
60	4	1.0
61	2	1.0
62	21	1.0
63	4	1.0
64	3	1.0
65	1	1.0
66	12	1.0
67	6	1.0
68	20	1.0
69	1	1.0
70	3	1.0
71	16	1.0
72	1	1.0
73	38	1.0
74	27	1.0
75	2	1.0
76	21	1.0
77	62	1.0
78	3	1.0
79	3	1.0
80	11	1.0
81	21	1.0
82	24	1.0
83	4	1.0
84	6	1.0
85	6	1.0
86	2	1.0
87	29	1.0
88	32	1.0
89	28	1.0
90	8	1.0
91	7	1.0
92	22	1.0
93	38	1.0
94	11	1.0
95	5	1.0
96	10	1.0
97	4	1.0
98	3	1.0
99	29	1.0
100	7	1.0
101	4	1.0
102	5	1.0
103	2	1.0
104	11	1.0
105	7	1.0
106	2	1.0
107	5	1.0
108	11	1.0
109	15	1.0
110	3	1.0
111	3	1.0
112	2	1.0
113	9	1.0
114	6	1.0
115	7	1.0
116	1	1.0
117	4	1.0
118	1	1.0
119	2	1.0
120	2	1.0
121	6	1.0
122	16	1.0
123	2	1.0
124	2	1.0
125	4	1.0
126	10	1.0
127	2	1.0
128	7	1.0
129	15	1.0
1	4	1.0
2	9	1.0
3	3	1.0
4	6	1.0
5	1	1.0
6	3	1.0
7	1	1.0
8	3	1.0
9	1	1.0
10	5	1.0
11	4	1.0
12	1	1.0
13	1	1.0
14	1	1.0
15	1	1.0
16	1	1.0
17	16	1.0
18	6	1.0
19	4	1.0
20	3	1.0
21	5	1.0
22	1	1.0
23	6	1.0
24	13	1.0
25	5	1.0
26	1	1.0
27	44	1.0
28	3	1.0
29	3	1.0
30	3	1.0
31	5	1.0
32	1	1.0
33	3	1.0
34	5	1.0
35	19	1.0
36	3	1.0
37	4	1.0
38	11	1.0
39	3	1.0
40	3	1.0
41	1	1.0
42	1	1.0
43	2	1.0
44	2	1.0
45	2	1.0
46	18	1.0
47	4	1.0
48	9	1.0
49	46	1.0
50	6	1.0
51	29	1.0
52	4	1.0
53	1	1.0
54	3	1.0
55	2	1.0
56	4	1.0
57	15	1.0
58	12	1.0
59	5	1.0
60	1	1.0
61	1	1.0
62	1	1.0
63	6	1.0
64	1	1.0
65	4	1.0
66	9	1.0
67	1	1.0
68	11	1.0
69	1	1.0
70	3	1.0
71	27	1.0
72	2	1.0
73	16	1.0
74	1	1.0
75	25	1.0
76	29	1.0
77	6	1.0
78	2	1.0
79	2	1.0
80	3	1.0
81	1	1.0
82	3	1.0
83	2	1.0
84	23	1.0
85	2	1.0
86	10	1.0
87	22	1.0
88	3	1.0
89	4	1.0
90	13	1.0
91	1	1.0
92	1	1.0
93	3	1.0
94	14	1.0
95	12	1.0
96	3	1.0
97	3	1.0
98	1	1.0
99	8	1.0
100	5	1.0
101	3	1.0
102	1	1.0
103	3	1.0
104	1	1.0
105	3	1.0
106	1	1.0
107	1	1.0
108	1	1.0
109	2	1.0
110	1	1.0
111	5	1.0
112	16	1.0
113	7	1.0
114	9	1.0
115	10	1.0
116	1	1.0
117	6	1.0
118	1	1.0
119	12	1.0
120	1	1.0
121	1	1.0
122	17	1.0
123	37	1.0
124	23	1.0
125	7	1.0
1	1	1.0
2	2	1.0
3	1	1.0
4	1	1.0
5	2	1.0
6	1	1.0
7	2	1.0
8	2	1.0
9	3	1.0
10	2	1.0
11	2	1.0
12	11	1.0
13	3	1.0
14	6	1.0
15	1	1.0
16	4	1.0
17	1	1.0
18	27	1.0
19	3	1.0
20	2	1.0
21	4	1.0
22	11	1.0
23	4	1.0
24	4	1.0
25	14	1.0
26	1	1.0
27	2	1.0
28	5	1.0
29	16	1.0
30	3	1.0
31	21	1.0
32	6	1.0
33	5	1.0
34	5	1.0
35	4	1.0
36	12	1.0
37	17	1.0
38	6	1.0
39	30	1.0
40	8	1.0
41	3	1.0
42	2	1.0
43	2	1.0
44	5	1.0
1	1	1.0
2	1	1.0
3	2	1.0
4	2	1.0
5	2	1.0
6	1	1.0
7	1	1.0
8	1	1.0
9	3	1.0
10	1	1.0
11	1	1.0
12	2	1.0
13	4	1.0
14	3	1.0
15	1	1.0
16	2	1.0
17	2	1.0
18	4	1.0
19	5	1.0
20	1	1.0
21	9	1.0
22	3	1.0
23	1	1.0
24	3	1.0
25	7	1.0
26	14	1.0
27	13	1.0
28	3	1.0
29	31	1.0
30	1	1.0
31	10	1.0
32	5	1.0
33	6	1.0
34	21	1.0
35	5	1.0
36	2	1.0
37	4	1.0
38	1	1.0
39	4	1.0
40	5	1.0
41	4	1.0
42	3	1.0
43	1	1.0
44	3	1.0
45	4	1.0
46	2	1.0
47	2	1.0
48	9	1.0
49	19	1.0
50	2	1.0
51	10	1.0
52	15	1.0
53	14	1.0
54	4	1.0
55	7	1.0
56	39	1.0
57	2	1.0
58	26	1.0
59	2	1.0
60	11	1.0
61	8	1.0
62	5	1.0
63	2	1.0
64	2	1.0
65	9	1.0
66	5	1.0
67	5	1.0
68	5	1.0
69	10	1.0
70	3	1.0
71	7	1.0
72	7	1.0
73	10	1.0
74	3	1.0
75	3	1.0
76	4	1.0
77	13	1.0
78	3	1.0
79	2	1.0
80	8	1.0
81	9	1.0
82	1	1.0
83	4	1.0
84	2	1.0
85	1	1.0
86	8	1.0
87	2	1.0
88	6	1.0
89	5	1.0
90	5	1.0
91	2	1.0
92	4	1.0
93	7	1.0
94	2	1.0
95	11	1.0
96	2	1.0
97	6	1.0
98	1	1.0
99	2	1.0
100	1	1.0
101	2	1.0
102	4	1.0
103	4	1.0
104	2	1.0
105	1	1.0
106	4	1.0
107	15	1.0
108	23	1.0
109	5	1.0
110	5	1.0
111	10	1.0
112	4	1.0
113	1	1.0
114	5	1.0
115	2	1.0
116	6	1.0
117	4	1.0
118	2	1.0
119	2	1.0
120	1	1.0
121	2	1.0
122	4	1.0
123	2	1.0
124	10	1.0
125	9	1.0
126	7	1.0
127	8	1.0
128	2	1.0
129	4	1.0
130	7	1.0
131	2	1.0
132	2	1.0
133	1	1.0
134	1	1.0
1	2	1.0
2	1	1.0
3	1	1.0
4	1	1.0
5	1	1.0
6	2	1.0
7	1	1.0
8	4	1.0
9	4	1.0
10	4	1.0
11	1	1.0
12	2	1.0
13	2	1.0
14	5	1.0
15	1	1.0
16	2	1.0
17	1	1.0
18	2	1.0
19	1	1.0
20	7	1.0
21	12	1.0
22	1	1.0
23	5	1.0
24	11	1.0
25	3	1.0
26	3	1.0
27	9	1.0
28	1	1.0
29	1	1.0
30	4	1.0
31	7	1.0
32	3	1.0
33	1	1.0
34	3	1.0
35	1	1.0
36	3	1.0
37	1	1.0
38	2	1.0
39	14	1.0
40	1	1.0
41	3	1.0
42	7	1.0
43	8	1.0
44	3	1.0
45	3	1.0
46	4	1.0
47	7	1.0
48	1	1.0
49	7	1.0
50	2	1.0
51	8	1.0
52	1	1.0
53	11	1.0
54	9	1.0
55	2	1.0
56	4	1.0
57	5	1.0
58	5	1.0
59	1	1.0
60	6	1.0
61	6	1.0
62	5	1.0
1	2	1.0
2	1	1.0
3	3	1.0
4	4	1.0
5	1	1.0
6	1	1.0
7	2	1.0
8	1	1.0
9	12	1.0
10	18	1.0
11	11	1.0
12	2	1.0
13	7	1.0
14	9	1.0
15	3	1.0
16	9	1.0
17	5	1.0
18	1	1.0
19	1	1.0
20	2	1.0
21	17	1.0
22	7	1.0
23	14	1.0
24	7	1.0
25	2	1.0
26	11	1.0
27	1	1.0
28	3	1.0
29	5	1.0
30	15	1.0
31	22	1.0
32	4	1.0
33	1	1.0
34	11	1.0
35	2	1.0
36	2	1.0
37	9	1.0
38	1	1.0
39	3	1.0
40	2	1.0
41	6	1.0
42	4	1.0
43	2	1.0
44	5	1.0
45	4	1.0
46	21	1.0
47	8	1.0
48	6	1.0
49	7	1.0
50	7	1.0
51	13	1.0
52	4	1.0
53	79	1.0
54	1	1.0
55	7	1.0
56	13	1.0
57	13	1.0
58	13	1.0
59	45	1.0
60	18	1.0
61	1	1.0
62	16	1.0
63	16	1.0
64	8	1.0
65	3	1.0
66	5	1.0
